Time	X1	Y1	Z1	X2	Y2	Z2	X3	Y3	Z3
0	1	0.00759836	0	-0.50658	0.862226	0	-0.49342	-0.869825	0	
0.01	0.999942	0.0151967	0	-0.513132	0.858377	0	-0.48681	-0.873574	0	
0.02	0.999827	0.0227946	0	-0.519654	0.854478	0	-0.480173	-0.877273	0	
0.03	0.999654	0.0303917	0	-0.526147	0.85053	0	-0.473507	-0.880921	0	
0.04	0.999423	0.0379874	0	-0.532609	0.846532	0	-0.466813	-0.884519	0	
0.05	0.999134	0.0455814	0	-0.539042	0.842485	0	-0.460092	-0.888066	0	
0.06	0.998788	0.0531731	0	-0.545443	0.838389	0	-0.453345	-0.891562	0	
0.07	0.998384	0.0607623	0	-0.551814	0.834245	0	-0.44657	-0.895007	0	
0.08	0.997922	0.0683484	0	-0.558153	0.830052	0	-0.43977	-0.8984	0	
0.09	0.997403	0.075931	0	-0.56446	0.825811	0	-0.432943	-0.901742	0	
0.1	0.996826	0.0835096	0	-0.570735	0.821522	0	-0.426092	-0.905032	0	
0.11	0.996192	0.0910838	0	-0.576977	0.817186	0	-0.419215	-0.90827	0	
0.12	0.9955	0.0986533	0	-0.583186	0.812802	0	-0.412314	-0.911455	0	
0.13	0.994751	0.106217	0	-0.589363	0.808371	0	-0.405389	-0.914589	0	
0.14	0.993945	0.113776	0	-0.595505	0.803893	0	-0.398439	-0.917669	0	
0.15	0.993081	0.121328	0	-0.601614	0.799369	0	-0.391467	-0.920697	0	
0.16	0.992159	0.128874	0	-0.607688	0.794798	0	-0.384471	-0.923672	0	
0.17	0.991181	0.136413	0	-0.613727	0.790181	0	-0.377453	-0.926594	0	
0.18	0.990145	0.143944	0	-0.619732	0.785519	0	-0.370413	-0.929463	0	
0.19	0.989052	0.151468	0	-0.625701	0.78081	0	-0.363351	-0.932278	0	
0.2	0.987902	0.158983	0	-0.631634	0.776057	0	-0.356268	-0.93504	0	
0.21	0.986695	0.16649	0	-0.637532	0.771258	0	-0.349163	-0.937748	0	
0.22	0.985431	0.173987	0	-0.643393	0.766415	0	-0.342039	-0.940402	0	
0.23	0.984111	0.181475	0	-0.649217	0.761527	0	-0.334894	-0.943002	0	
0.24	0.982733	0.188952	0	-0.655004	0.756596	0	-0.327729	-0.945548	0	
0.25	0.981299	0.19642	0	-0.660754	0.75162	0	-0.320545	-0.94804	0	
0.26	0.979808	0.203876	0	-0.666466	0.746601	0	-0.313342	-0.950477	0	
0.27	0.978261	0.211321	0	-0.67214	0.741538	0	-0.306121	-0.952859	0	
0.28	0.976657	0.218754	0	-0.677775	0.736432	0	-0.298882	-0.955187	0	
0.29	0.974997	0.226175	0	-0.683372	0.731284	0	-0.291625	-0.95746	0	
0.3	0.97328	0.233584	0	-0.68893	0.726093	0	-0.28435	-0.959678	0	
0.31	0.971508	0.24098	0	-0.694448	0.720861	0	-0.27706	-0.96184	0	
0.32	0.969679	0.248362	0	-0.699927	0.715586	0	-0.269752	-0.963948	0	
0.33	0.967795	0.25573	0	-0.705366	0.71027	0	-0.262429	-0.966	0	
0.34	0.965854	0.263084	0	-0.710764	0.704913	0	-0.25509	-0.967996	0	
0.35	0.963858	0.270423	0	-0.716122	0.699514	0	-0.247736	-0.969937	0	
0.36	0.961807	0.277747	0	-0.721439	0.694076	0	-0.240368	-0.971823	0	
0.37	0.9597	0.285055	0	-0.726715	0.688597	0	-0.232985	-0.973652	0	
0.38	0.957537	0.292348	0	-0.731949	0.683078	0	-0.225588	-0.975426	0	
0.39	0.95532	0.299624	0	-0.737142	0.677519	0	-0.218178	-0.977143	0	
0.4	0.953047	0.306883	0	-0.742292	0.671921	0	-0.210755	-0.978805	0	
0.41	0.950719	0.314125	0	-0.7474	0.666284	0	-0.203319	-0.98041	0	
0.42	0.948337	0.32135	0	-0.752465	0.660609	0	-0.195871	-0.981959	0	
0.43	0.9459	0.328556	0	-0.757488	0.654895	0	-0.188412	-0.983451	0	
0.44	0.943408	0.335744	0	-0.762467	0.649143	0	-0.180941	-0.984887	0	
0.45	0.940862	0.342913	0	-0.767402	0.643354	0	-0.17346	-0.986267	0	
0.46	0.938261	0.350062	0	-0.772294	0.637527	0	-0.165968	-0.987589	0	
0.47	0.935607	0.357192	0	-0.777141	0.631663	0	-0.158466	-0.988856	0	
0.48	0.932898	0.364302	0	-0.781944	0.625763	0	-0.150954	-0.990065	0	
0.49	0.930136	0.371391	0	-0.786703	0.619826	0	-0.143434	-0.991217	0	
0.5	0.927321	0.37846	0	-0.791416	0.613853	0	-0.135904	-0.992313	0	
0.51	0.924451	0.385507	0	-0.796084	0.607845	0	-0.128367	-0.993352	0	
0.52	0.921529	0.392532	0	-0.800707	0.601801	0	-0.120822	-0.994333	0	
0.53	0.918553	0.399535	0	-0.805284	0.595723	0	-0.113269	-0.995258	0	
0.54	0.915524	0.406516	0	-0.809815	0.58961	0	-0.105709	-0.996125	0	
0.55	0.912443	0.413473	0	-0.8143	0.583462	0	-0.0981432	-0.996936	0	
0.56	0.909309	0.420407	0	-0.818738	0.577281	0	-0.090571	-0.997689	0	
0.57	0.906123	0.427318	0	-0.82313	0.571066	0	-0.0829932	-0.998384	0	
0.58	0.902884	0.434204	0	-0.827474	0.564819	0	-0.0754102	-0.999023	0	
0.59	0.899594	0.441066	0	-0.831771	0.558538	0	-0.0678224	-0.999604	0	
0.6	0.896251	0.447903	0	-0.836021	0.552225	0	-0.0602302	-1.00013	0	
0.61	0.892857	0.454715	0	-0.840223	0.54588	0	-0.0526342	-1.00059	0	
0.62	0.889412	0.4615	0	-0.844377	0.539503	0	-0.0450347	-1.001	0	
0.63	0.885915	0.46826	0	-0.848483	0.533095	0	-0.0374322	-1.00135	0	
0.64	0.882367	0.474993	0	-0.85254	0.526656	0	-0.0298271	-1.00165	0	
0.65	0.878768	0.4817	0	-0.856549	0.520186	0	-0.0222199	-1.00189	0	
0.66	0.875119	0.488379	0	-0.860508	0.513686	0	-0.0146109	-1.00206	0	
0.67	0.871419	0.495031	0	-0.864419	0.507156	0	-0.00700071	-1.00219	0	
0.68	0.86767	0.501654	0	-0.86828	0.500597	0	0.000610355	-1.00225	0	
0.69	0.86387	0.508249	0	-0.872092	0.494009	0	0.00822182	-1.00226	0	
0.7	0.86002	0.514815	0	-0.875853	0.487392	0	0.0158332	-1.00221	0	
0.71	0.856121	0.521353	0	-0.879565	0.480746	0	0.0234442	-1.0021	0	
0.72	0.852172	0.52786	0	-0.883227	0.474073	0	0.0310542	-1.00193	0	
0.73	0.848175	0.534338	0	-0.886838	0.467372	0	0.038663	-1.00171	0	
0.74	0.844129	0.540786	0	-0.890398	0.460644	0	0.0462699	-1.00143	0	
0.75	0.840034	0.547203	0	-0.893908	0.453889	0	0.0538746	-1.00109	0	
0.76	0.83589	0.553589	0	-0.897367	0.447108	0	0.0614766	-1.0007	0	
0.77	0.831699	0.559943	0	-0.900774	0.440301	0	0.0690756	-1.00024	0	
0.78	0.827459	0.566266	0	-0.90413	0.433468	0	0.0766711	-0.999734	0	
0.79	0.823172	0.572557	0	-0.907435	0.42661	0	0.0842626	-0.999167	0	
0.8	0.818838	0.578815	0	-0.910688	0.419727	0	0.0918497	-0.998542	0	
0.81	0.814456	0.585041	0	-0.913888	0.41282	0	0.0994319	-0.99786	0	
0.82	0.810028	0.591233	0	-0.917037	0.405888	0	0.107009	-0.997121	0	
0.83	0.805553	0.597392	0	-0.920133	0.398933	0	0.11458	-0.996325	0	
0.84	0.801031	0.603517	0	-0.923177	0.391955	0	0.122145	-0.995472	0	
0.85	0.796464	0.609608	0	-0.926168	0.384954	0	0.129704	-0.994562	0	
0.86	0.79185	0.615664	0	-0.929106	0.37793	0	0.137256	-0.993595	0	
0.87	0.787191	0.621686	0	-0.931991	0.370885	0	0.1448	-0.992571	0	
0.88	0.782487	0.627672	0	-0.934824	0.363818	0	0.152336	-0.99149	0	
0.89	0.777738	0.633623	0	-0.937602	0.356729	0	0.159864	-0.990352	0	
0.9	0.772944	0.639538	0	-0.940328	0.34962	0	0.167384	-0.989158	0	
0.91	0.768105	0.645416	0	-0.942999	0.342491	0	0.174894	-0.987907	0	
0.92	0.763223	0.651258	0	-0.945617	0.335341	0	0.182395	-0.986599	0	
0.93	0.758296	0.657063	0	-0.948181	0.328172	0	0.189885	-0.985235	0	
0.94	0.753326	0.662831	0	-0.950691	0.320984	0	0.197366	-0.983815	0	
0.95	0.748312	0.668561	0	-0.953147	0.313777	0	0.204835	-0.982338	0	
0.96	0.743255	0.674254	0	-0.955548	0.306551	0	0.212293	-0.980805	0	
0.97	0.738156	0.679908	0	-0.957895	0.299308	0	0.21974	-0.979216	0	
0.98	0.733014	0.685524	0	-0.960188	0.292047	0	0.227174	-0.977571	0	
0.99	0.72783	0.6911	0	-0.962425	0.284769	0	0.234596	-0.975869	0	
1	0.722604	0.696638	0	-0.964608	0.277474	0	0.242004	-0.974113	0	
1.01	0.717337	0.702136	0	-0.966736	0.270164	0	0.2494	-0.9723	0	
1.02	0.712028	0.707595	0	-0.968809	0.262837	0	0.256781	-0.970432	0	
1.03	0.706678	0.713013	0	-0.970827	0.255495	0	0.264148	-0.968508	0	
1.04	0.701288	0.718391	0	-0.972789	0.248137	0	0.271501	-0.966529	0	
1.05	0.695857	0.723728	0	-0.974696	0.240766	0	0.278839	-0.964494	0	
1.06	0.690386	0.729025	0	-0.976547	0.23338	0	0.286161	-0.962405	0	
1.07	0.684876	0.73428	0	-0.978343	0.22598	0	0.293467	-0.96026	0	
1.08	0.679326	0.739493	0	-0.980083	0.218567	0	0.300757	-0.95806	0	
1.09	0.673738	0.744665	0	-0.981767	0.211141	0	0.30803	-0.955806	0	
1.1	0.66811	0.749794	0	-0.983396	0.203703	0	0.315286	-0.953497	0	
1.11	0.662444	0.754881	0	-0.984968	0.196253	0	0.322524	-0.951134	0	
1.12	0.65674	0.759925	0	-0.986485	0.188791	0	0.329745	-0.948716	0	
1.13	0.650998	0.764926	0	-0.987945	0.181318	0	0.336947	-0.946244	0	
1.14	0.645219	0.769884	0	-0.989349	0.173834	0	0.34413	-0.943718	0	
1.15	0.639403	0.774799	0	-0.990697	0.16634	0	0.351294	-0.941138	0	
1.16	0.63355	0.779669	0	-0.991988	0.158836	0	0.358438	-0.938505	0	
1.17	0.62766	0.784495	0	-0.993223	0.151322	0	0.365563	-0.935817	0	
1.18	0.621735	0.789277	0	-0.994402	0.143799	0	0.372667	-0.933077	0	
1.19	0.615773	0.794015	0	-0.995524	0.136268	0	0.37975	-0.930283	0	
1.2	0.609777	0.798707	0	-0.996589	0.128729	0	0.386812	-0.927436	0	
1.21	0.603745	0.803354	0	-0.997598	0.121181	0	0.393853	-0.924536	0	
1.22	0.597679	0.807956	0	-0.99855	0.113627	0	0.400871	-0.921583	0	
1.23	0.591578	0.812512	0	-0.999445	0.106066	0	0.407867	-0.918577	0	
1.24	0.585443	0.817022	0	-1.00028	0.0984977	0	0.41484	-0.91552	0	
1.25	0.579275	0.821486	0	-1.00106	0.0909238	0	0.42179	-0.912409	0	
1.26	0.573073	0.825903	0	-1.00179	0.0833443	0	0.428717	-0.909247	0	
1.27	0.566838	0.830274	0	-1.00246	0.0757596	0	0.435619	-0.906033	0	
1.28	0.560571	0.834598	0	-1.00307	0.0681702	0	0.442497	-0.902768	0	
1.29	0.554272	0.838874	0	-1.00362	0.0605765	0	0.44935	-0.899451	0	
1.3	0.547941	0.843103	0	-1.00412	0.0529789	0	0.456179	-0.896082	0	
1.31	0.541578	0.847285	0	-1.00456	0.0453778	0	0.462981	-0.892663	0	
1.32	0.535184	0.851418	0	-1.00494	0.0377738	0	0.469758	-0.889192	0	
1.33	0.528759	0.855504	0	-1.00527	0.0301672	0	0.476508	-0.885671	0	
1.34	0.522304	0.859541	0	-1.00554	0.0225584	0	0.483232	-0.882099	0	
1.35	0.51582	0.86353	0	-1.00575	0.014948	0	0.489929	-0.878478	0	
1.36	0.509305	0.86747	0	-1.0059	0.00733622	0	0.496598	-0.874806	0	
1.37	0.502761	0.87136	0	-1.006	-0.000276373	0	0.50324	-0.871084	0	
1.38	0.496188	0.875202	0	-1.00604	-0.00788939	0	0.509853	-0.867313	0	
1.39	0.489587	0.878994	0	-1.00602	-0.0155024	0	0.516438	-0.863492	0	
1.4	0.482958	0.882737	0	-1.00595	-0.0231149	0	0.522994	-0.859622	0	
1.41	0.4763	0.88643	0	-1.00582	-0.0307266	0	0.52952	-0.855703	0	
1.42	0.469616	0.890072	0	-1.00563	-0.038337	0	0.536017	-0.851736	0	
1.43	0.462904	0.893665	0	-1.00539	-0.0459456	0	0.542484	-0.847719	0	
1.44	0.456166	0.897207	0	-1.00509	-0.053552	0	0.548921	-0.843655	0	
1.45	0.449402	0.900699	0	-1.00473	-0.0611559	0	0.555327	-0.839543	0	
1.46	0.442612	0.904139	0	-1.00431	-0.0687567	0	0.561702	-0.835383	0	
1.47	0.435796	0.907529	0	-1.00384	-0.076354	0	0.568045	-0.831175	0	
1.48	0.428955	0.910868	0	-1.00331	-0.0839475	0	0.574357	-0.82692	0	
1.49	0.42209	0.914155	0	-1.00273	-0.0915366	0	0.580636	-0.822618	0	
1.5	0.415201	0.917391	0	-1.00208	-0.099121	0	0.586883	-0.81827	0	
1.51	0.408287	0.920575	0	-1.00138	-0.1067	0	0.593097	-0.813874	0	
1.52	0.40135	0.923707	0	-1.00063	-0.114274	0	0.599278	-0.809433	0	
1.53	0.39439	0.926787	0	-0.999816	-0.121841	0	0.605426	-0.804945	0	
1.54	0.387408	0.929815	0	-0.998947	-0.129403	0	0.611539	-0.800412	0	
1.55	0.380403	0.93279	0	-0.998021	-0.136957	0	0.617619	-0.795833	0	
1.56	0.373376	0.935713	0	-0.997039	-0.144504	0	0.623663	-0.791209	0	
1.57	0.366327	0.938583	0	-0.996001	-0.152043	0	0.629673	-0.78654	0	
1.58	0.359258	0.941401	0	-0.994906	-0.159574	0	0.635648	-0.781827	0	
1.59	0.352168	0.944165	0	-0.993755	-0.167096	0	0.641587	-0.777069	0	
1.6	0.345057	0.946877	0	-0.992548	-0.17461	0	0.647491	-0.772267	0	
1.61	0.337927	0.949535	0	-0.991285	-0.182114	0	0.653358	-0.767421	0	
1.62	0.330777	0.952139	0	-0.989966	-0.189608	0	0.659188	-0.762531	0	
1.63	0.323609	0.954691	0	-0.988591	-0.197092	0	0.664982	-0.757599	0	
1.64	0.316421	0.957188	0	-0.98716	-0.204565	0	0.670738	-0.752623	0	
1.65	0.309216	0.959632	0	-0.985673	-0.212027	0	0.676458	-0.747604	0	
1.66	0.301992	0.962021	0	-0.984131	-0.219478	0	0.682139	-0.742543	0	
1.67	0.294751	0.964357	0	-0.982533	-0.226916	0	0.687782	-0.73744	0	
1.68	0.287493	0.966638	0	-0.98088	-0.234343	0	0.693387	-0.732296	0	
1.69	0.280219	0.968866	0	-0.979172	-0.241756	0	0.698953	-0.727109	0	
1.7	0.272928	0.971038	0	-0.977408	-0.249156	0	0.70448	-0.721882	0	
1.71	0.265622	0.973156	0	-0.975589	-0.256543	0	0.709967	-0.716613	0	
1.72	0.2583	0.97522	0	-0.973715	-0.263916	0	0.715415	-0.711304	0	
1.73	0.250963	0.977229	0	-0.971787	-0.271274	0	0.720824	-0.705955	0	
1.74	0.243612	0.979183	0	-0.969803	-0.278617	0	0.726191	-0.700565	0	
1.75	0.236246	0.981082	0	-0.967765	-0.285946	0	0.731519	-0.695136	0	
1.76	0.228867	0.982926	0	-0.965673	-0.293258	0	0.736805	-0.689668	0	
1.77	0.221475	0.984715	0	-0.963526	-0.300555	0	0.742051	-0.68416	0	
1.78	0.21407	0.986449	0	-0.961325	-0.307835	0	0.747255	-0.678614	0	
1.79	0.206652	0.988127	0	-0.959069	-0.315098	0	0.752417	-0.67303	0	
1.8	0.199222	0.98975	0	-0.95676	-0.322343	0	0.757538	-0.667407	0	
1.81	0.191781	0.991318	0	-0.954397	-0.329572	0	0.762616	-0.661746	0	
1.82	0.184329	0.99283	0	-0.95198	-0.336782	0	0.767652	-0.656048	0	
1.83	0.176866	0.994286	0	-0.94951	-0.343973	0	0.772645	-0.650313	0	
1.84	0.169392	0.995687	0	-0.946986	-0.351146	0	0.777594	-0.644541	0	
1.85	0.161909	0.997032	0	-0.94441	-0.358299	0	0.782501	-0.638733	0	
1.86	0.154416	0.998322	0	-0.94178	-0.365433	0	0.787364	-0.632889	0	
1.87	0.146914	0.999555	0	-0.939097	-0.372547	0	0.792183	-0.627008	0	
1.88	0.139403	1.00073	0	-0.936361	-0.37964	0	0.796958	-0.621093	0	
1.89	0.131884	1.00185	0	-0.933573	-0.386712	0	0.801689	-0.615142	0	
1.9	0.124357	1.00292	0	-0.930733	-0.393763	0	0.806375	-0.609156	0	
1.91	0.116823	1.00393	0	-0.92784	-0.400793	0	0.811016	-0.603137	0	
1.92	0.109282	1.00488	0	-0.924895	-0.4078	0	0.815613	-0.597083	0	
1.93	0.101735	1.00578	0	-0.921898	-0.414785	0	0.820163	-0.590995	0	
1.94	0.0941811	1.00662	0	-0.91885	-0.421747	0	0.824669	-0.584874	0	
1.95	0.0866218	1.00741	0	-0.91575	-0.428686	0	0.829128	-0.578719	0	
1.96	0.0790572	1.00813	0	-0.912598	-0.435602	0	0.833541	-0.572533	0	
1.97	0.0714877	1.00881	0	-0.909396	-0.442493	0	0.837908	-0.566313	0	
1.98	0.0639139	1.00942	0	-0.906143	-0.44936	0	0.842229	-0.560062	0	
1.99	0.056336	1.00998	0	-0.902838	-0.456203	0	0.846502	-0.55378	0	
2	0.0487546	1.01049	0	-0.899484	-0.46302	0	0.850729	-0.547466	0	
2.01	0.0411701	1.01093	0	-0.896079	-0.469812	0	0.854909	-0.541121	0	
2.02	0.0335828	1.01132	0	-0.892623	-0.476578	0	0.859041	-0.534745	0	
2.03	0.0259932	1.01166	0	-0.889118	-0.483318	0	0.863125	-0.52834	0	
2.04	0.0184018	1.01194	0	-0.885563	-0.490032	0	0.867162	-0.521904	0	
2.05	0.0108089	1.01216	0	-0.881959	-0.496718	0	0.87115	-0.51544	0	
2.06	0.00321497	1.01232	0	-0.878305	-0.503377	0	0.87509	-0.508946	0	
2.07	-0.00437954	1.01243	0	-0.874602	-0.510009	0	0.878982	-0.502423	0	
2.08	-0.0119742	1.01248	0	-0.87085	-0.516612	0	0.882825	-0.495872	0	
2.09	-0.0195687	1.01248	0	-0.86705	-0.523188	0	0.886619	-0.489294	0	
2.1	-0.0271625	1.01242	0	-0.863201	-0.529734	0	0.890364	-0.482687	0	
2.11	-0.0347552	1.0123	0	-0.859304	-0.536251	0	0.894059	-0.476054	0	
2.12	-0.0423464	1.01213	0	-0.855359	-0.542739	0	0.897705	-0.469393	0	
2.13	-0.0499356	1.0119	0	-0.851366	-0.549197	0	0.901302	-0.462706	0	
2.14	-0.0575225	1.01162	0	-0.847326	-0.555625	0	0.904849	-0.455993	0	
2.15	-0.0651067	1.01128	0	-0.843239	-0.562023	0	0.908345	-0.449255	0	
2.16	-0.0726876	1.01088	0	-0.839104	-0.568389	0	0.911792	-0.442491	0	
2.17	-0.0802649	1.01043	0	-0.834923	-0.574725	0	0.915188	-0.435702	0	
2.18	-0.0878382	1.00992	0	-0.830695	-0.581029	0	0.918533	-0.428888	0	
2.19	-0.0954071	1.00935	0	-0.826421	-0.587301	0	0.921828	-0.422051	0	
2.2	-0.102971	1.00873	0	-0.8221	-0.593541	0	0.925072	-0.41519	0	
2.21	-0.11053	1.00805	0	-0.817734	-0.599748	0	0.928264	-0.408305	0	
2.22	-0.118083	1.00732	0	-0.813323	-0.605922	0	0.931406	-0.401397	0	
2.23	-0.12563	1.00653	0	-0.808866	-0.612064	0	0.934496	-0.394467	0	
2.24	-0.13317	1.00569	0	-0.804364	-0.618171	0	0.937534	-0.387514	0	
2.25	-0.140703	1.00479	0	-0.799818	-0.624245	0	0.940521	-0.38054	0	
2.26	-0.148229	1.00383	0	-0.795227	-0.630285	0	0.943456	-0.373544	0	
2.27	-0.155748	1.00282	0	-0.790592	-0.63629	0	0.946339	-0.366527	0	
2.28	-0.163258	1.00175	0	-0.785912	-0.64226	0	0.94917	-0.35949	0	
2.29	-0.170759	1.00063	0	-0.78119	-0.648196	0	0.951949	-0.352432	0	
2.3	-0.178252	0.99945	0	-0.776423	-0.654095	0	0.954675	-0.345355	0	
2.31	-0.185735	0.998217	0	-0.771614	-0.659959	0	0.957348	-0.338258	0	
2.32	-0.193208	0.996929	0	-0.766762	-0.665787	0	0.959969	-0.331142	0	
2.33	-0.200671	0.995585	0	-0.761867	-0.671579	0	0.962538	-0.324007	0	
2.34	-0.208123	0.994187	0	-0.75693	-0.677333	0	0.965053	-0.316854	0	
2.35	-0.215564	0.992734	0	-0.751951	-0.683051	0	0.967515	-0.309683	0	
2.36	-0.222994	0.991226	0	-0.74693	-0.688731	0	0.969924	-0.302495	0	
2.37	-0.230412	0.989664	0	-0.741868	-0.694374	0	0.97228	-0.295289	0	
2.38	-0.237817	0.988047	0	-0.736765	-0.699979	0	0.974582	-0.288067	0	
2.39	-0.24521	0.986375	0	-0.731621	-0.705546	0	0.976831	-0.280829	0	
2.4	-0.25259	0.984649	0	-0.726436	-0.711074	0	0.979026	-0.273575	0	
2.41	-0.259956	0.982869	0	-0.721211	-0.716563	0	0.981168	-0.266306	0	
2.42	-0.267309	0.981035	0	-0.715946	-0.722014	0	0.983255	-0.259021	0	
2.43	-0.274647	0.979146	0	-0.710642	-0.727425	0	0.985289	-0.251722	0	
2.44	-0.281971	0.977204	0	-0.705298	-0.732796	0	0.987269	-0.244408	0	
2.45	-0.289279	0.975208	0	-0.699916	-0.738127	0	0.989195	-0.237081	0	
2.46	-0.296572	0.973159	0	-0.694494	-0.743418	0	0.991066	-0.22974	0	
2.47	-0.303849	0.971056	0	-0.689034	-0.748669	0	0.992884	-0.222387	0	
2.48	-0.31111	0.968899	0	-0.683536	-0.753879	0	0.994646	-0.21502	0	
2.49	-0.318354	0.96669	0	-0.678001	-0.759048	0	0.996355	-0.207642	0	
2.5	-0.325581	0.964427	0	-0.672428	-0.764175	0	0.998009	-0.200252	0	
2.51	-0.332791	0.962111	0	-0.666817	-0.769261	0	0.999608	-0.19285	0	
2.52	-0.339983	0.959743	0	-0.66117	-0.774305	0	1.00115	-0.185438	0	
2.53	-0.347157	0.957322	0	-0.655487	-0.779307	0	1.00264	-0.178015	0	
2.54	-0.354312	0.954848	0	-0.649767	-0.784267	0	1.00408	-0.170581	0	
2.55	-0.361448	0.952322	0	-0.644012	-0.789184	0	1.00546	-0.163138	0	
2.56	-0.368564	0.949744	0	-0.63822	-0.794058	0	1.00678	-0.155686	0	
2.57	-0.375661	0.947114	0	-0.632394	-0.798889	0	1.00806	-0.148225	0	
2.58	-0.382738	0.944432	0	-0.626533	-0.803677	0	1.00927	-0.140755	0	
2.59	-0.389795	0.941698	0	-0.620637	-0.808421	0	1.01043	-0.133277	0	
2.6	-0.39683	0.938913	0	-0.614708	-0.813122	0	1.01154	-0.125792	0	
2.61	-0.403844	0.936077	0	-0.608744	-0.817778	0	1.01259	-0.118299	0	
2.62	-0.410837	0.933189	0	-0.602747	-0.82239	0	1.01358	-0.110799	0	
2.63	-0.417807	0.93025	0	-0.596717	-0.826957	0	1.01452	-0.103293	0	
2.64	-0.424756	0.927261	0	-0.590653	-0.83148	0	1.01541	-0.0957811	0	
2.65	-0.431681	0.92422	0	-0.584558	-0.835957	0	1.01624	-0.0882634	0	
2.66	-0.438583	0.92113	0	-0.57843	-0.840389	0	1.01701	-0.0807405	0	
2.67	-0.445462	0.917989	0	-0.57227	-0.844776	0	1.01773	-0.0732127	0	
2.68	-0.452317	0.914798	0	-0.566079	-0.849117	0	1.0184	-0.0656806	0	
2.69	-0.459148	0.911557	0	-0.559857	-0.853412	0	1.01901	-0.0581445	0	
2.7	-0.465954	0.908266	0	-0.553604	-0.857661	0	1.01956	-0.0506048	0	
2.71	-0.472736	0.904926	0	-0.547321	-0.861864	0	1.02006	-0.043062	0	
2.72	-0.479492	0.901537	0	-0.541008	-0.86602	0	1.0205	-0.0355164	0	
2.73	-0.486222	0.898098	0	-0.534665	-0.87013	0	1.02089	-0.0279685	0	
2.74	-0.492926	0.894611	0	-0.528292	-0.874192	0	1.02122	-0.0204186	0	
2.75	-0.499604	0.891075	0	-0.521891	-0.878207	0	1.0215	-0.0128673	0	
2.76	-0.506256	0.88749	0	-0.515461	-0.882175	0	1.02172	-0.00531479	0	
2.77	-0.51288	0.883857	0	-0.509003	-0.886096	0	1.02188	0.00223838	0	
2.78	-0.519477	0.880176	0	-0.502517	-0.889968	0	1.02199	0.00979183	0	
2.79	-0.526046	0.876448	0	-0.496003	-0.893793	0	1.02205	0.0173452	0	
2.8	-0.532587	0.872672	0	-0.489462	-0.89757	0	1.02205	0.024898	0	
2.81	-0.539099	0.868848	0	-0.482895	-0.901298	0	1.02199	0.0324498	0	
2.82	-0.545583	0.864977	0	-0.476301	-0.904977	0	1.02188	0.0400003	0	
2.83	-0.552038	0.861059	0	-0.46968	-0.908609	0	1.02172	0.0475491	0	
2.84	-0.558463	0.857095	0	-0.463035	-0.912191	0	1.0215	0.0550957	0	
2.85	-0.564859	0.853084	0	-0.456363	-0.915724	0	1.02122	0.0626397	0	
2.86	-0.571224	0.849027	0	-0.449667	-0.919208	0	1.02089	0.0701808	0	
2.87	-0.577559	0.844924	0	-0.442946	-0.922643	0	1.02051	0.0777185	0	
2.88	-0.583863	0.840775	0	-0.436201	-0.926028	0	1.02006	0.0852524	0	
2.89	-0.590136	0.836581	0	-0.429432	-0.929363	0	1.01957	0.0927821	0	
2.9	-0.596377	0.832341	0	-0.42264	-0.932649	0	1.01902	0.100307	0	
2.91	-0.602587	0.828057	0	-0.415825	-0.935884	0	1.01841	0.107827	0	
2.92	-0.608765	0.823727	0	-0.408986	-0.93907	0	1.01775	0.115342	0	
2.93	-0.61491	0.819354	0	-0.402126	-0.942205	0	1.01704	0.122851	0	
2.94	-0.621023	0.814935	0	-0.395243	-0.945289	0	1.01627	0.130354	0	
2.95	-0.627102	0.810473	0	-0.388339	-0.948323	0	1.01544	0.13785	0	
2.96	-0.633149	0.805967	0	-0.381414	-0.951307	0	1.01456	0.145339	0	
2.97	-0.639161	0.801418	0	-0.374468	-0.954239	0	1.01363	0.152821	0	
2.98	-0.64514	0.796826	0	-0.367501	-0.95712	0	1.01264	0.160295	0	
2.99	-0.651085	0.79219	0	-0.360514	-0.959951	0	1.0116	0.167761	0	
3	-0.656994	0.787512	0	-0.353508	-0.96273	0	1.0105	0.175218	0	
3.01	-0.662869	0.782791	0	-0.346482	-0.965457	0	1.00935	0.182666	0	
3.02	-0.668709	0.778028	0	-0.339438	-0.968133	0	1.00815	0.190105	0	
3.03	-0.674514	0.773224	0	-0.332375	-0.970758	0	1.00689	0.197534	0	
3.04	-0.680282	0.768377	0	-0.325293	-0.97333	0	1.00558	0.204953	0	
3.05	-0.686015	0.76349	0	-0.318194	-0.975851	0	1.00421	0.212361	0	
3.06	-0.691711	0.758561	0	-0.311078	-0.97832	0	1.00279	0.219759	0	
3.07	-0.697371	0.753592	0	-0.303944	-0.980737	0	1.00132	0.227145	0	
3.08	-0.702993	0.748582	0	-0.296794	-0.983101	0	0.999788	0.234519	0	
3.09	-0.708579	0.743532	0	-0.289628	-0.985413	0	0.998207	0.241881	0	
3.1	-0.714127	0.738442	0	-0.282446	-0.987673	0	0.996573	0.249231	0	
3.11	-0.719637	0.733312	0	-0.275249	-0.98988	0	0.994886	0.256568	0	
3.12	-0.725109	0.728143	0	-0.268036	-0.992035	0	0.993145	0.263891	0	
3.13	-0.730543	0.722936	0	-0.260809	-0.994137	0	0.991352	0.271201	0	
3.14	-0.735939	0.717689	0	-0.253567	-0.996186	0	0.989506	0.278497	0	
3.15	-0.741295	0.712404	0	-0.246312	-0.998182	0	0.987607	0.285778	0	
3.16	-0.746612	0.70708	0	-0.239043	-1.00013	0	0.985656	0.293045	0	
3.17	-0.75189	0.701719	0	-0.231762	-1.00202	0	0.983652	0.300297	0	
3.18	-0.757129	0.696321	0	-0.224467	-1.00385	0	0.981596	0.307532	0	
3.19	-0.762327	0.690885	0	-0.21716	-1.00564	0	0.979487	0.314752	0	
3.2	-0.767485	0.685412	0	-0.209841	-1.00737	0	0.977327	0.321956	0	
3.21	-0.772603	0.679902	0	-0.202511	-1.00905	0	0.975114	0.329143	0	
3.22	-0.77768	0.674356	0	-0.19517	-1.01067	0	0.97285	0.336313	0	
3.23	-0.782717	0.668775	0	-0.187817	-1.01224	0	0.970534	0.343465	0	
3.24	-0.787712	0.663157	0	-0.180455	-1.01376	0	0.968167	0.3506	0	
3.25	-0.792666	0.657504	0	-0.173083	-1.01522	0	0.965748	0.357716	0	
3.26	-0.797578	0.651816	0	-0.165701	-1.01663	0	0.963278	0.364814	0	
3.27	-0.802448	0.646094	0	-0.15831	-1.01799	0	0.960757	0.371893	0	
3.28	-0.807276	0.640336	0	-0.15091	-1.01929	0	0.958185	0.378953	0	
3.29	-0.812061	0.634545	0	-0.143502	-1.02054	0	0.955563	0.385993	0	
3.3	-0.816804	0.62872	0	-0.136085	-1.02173	0	0.95289	0.393013	0	
3.31	-0.821505	0.622862	0	-0.128662	-1.02287	0	0.950166	0.400013	0	
3.32	-0.826162	0.61697	0	-0.121231	-1.02396	0	0.947392	0.406992	0	
3.33	-0.830776	0.611045	0	-0.113793	-1.025	0	0.944569	0.41395	0	
3.34	-0.835346	0.605088	0	-0.106349	-1.02597	0	0.941695	0.420887	0	
3.35	-0.839872	0.599099	0	-0.0988989	-1.0269	0	0.938771	0.427801	0	
3.36	-0.844355	0.593078	0	-0.0914432	-1.02777	0	0.935798	0.434694	0	
3.37	-0.848794	0.587026	0	-0.0839823	-1.02859	0	0.932776	0.441564	0	
3.38	-0.853188	0.580942	0	-0.0765167	-1.02935	0	0.929704	0.448411	0	
3.39	-0.857537	0.574828	0	-0.0690466	-1.03006	0	0.926584	0.455235	0	
3.4	-0.861842	0.568683	0	-0.0615725	-1.03072	0	0.923415	0.462036	0	
3.41	-0.866102	0.562507	0	-0.0540948	-1.03132	0	0.920197	0.468812	0	
3.42	-0.870316	0.556302	0	-0.0466138	-1.03187	0	0.91693	0.475565	0	
3.43	-0.874485	0.550068	0	-0.03913	-1.03236	0	0.913616	0.482293	0	
3.44	-0.878609	0.543804	0	-0.0316438	-1.0328	0	0.910253	0.488996	0	
3.45	-0.882687	0.537512	0	-0.0241555	-1.03319	0	0.906842	0.495673	0	
3.46	-0.886719	0.531191	0	-0.0166656	-1.03352	0	0.903384	0.502325	0	
3.47	-0.890704	0.524842	0	-0.00917442	-1.03379	0	0.899879	0.508951	0	
3.48	-0.894643	0.518465	0	-0.00168235	-1.03402	0	0.896326	0.515551	0	
3.49	-0.898536	0.512061	0	0.00581019	-1.03419	0	0.892726	0.522125	0	
3.5	-0.902382	0.50563	0	0.0133028	-1.0343	0	0.889079	0.528671	0	
3.51	-0.906181	0.499172	0	0.0207952	-1.03436	0	0.885386	0.53519	0	
3.52	-0.909933	0.492687	0	0.0282868	-1.03437	0	0.881647	0.541682	0	
3.53	-0.913638	0.486177	0	0.0357773	-1.03432	0	0.877861	0.548145	0	
3.54	-0.917295	0.479641	0	0.0432664	-1.03422	0	0.874029	0.554581	0	
3.55	-0.920905	0.47308	0	0.0507536	-1.03407	0	0.870152	0.560988	0	
3.56	-0.924467	0.466493	0	0.0582386	-1.03386	0	0.866229	0.567365	0	
3.57	-0.927981	0.459882	0	0.0657209	-1.0336	0	0.86226	0.573714	0	
3.58	-0.931447	0.453247	0	0.0732002	-1.03328	0	0.858247	0.580034	0	
3.59	-0.934865	0.446588	0	0.0806761	-1.03291	0	0.854189	0.586323	0	
3.6	-0.938235	0.439905	0	0.0881482	-1.03249	0	0.850086	0.592582	0	
3.61	-0.941556	0.433199	0	0.0956161	-1.03201	0	0.84594	0.598811	0	
3.62	-0.944828	0.426471	0	0.103079	-1.03148	0	0.841748	0.605009	0	
3.63	-0.948051	0.41972	0	0.110538	-1.0309	0	0.837513	0.611177	0	
3.64	-0.951226	0.412946	0	0.117991	-1.03026	0	0.833235	0.617312	0	
3.65	-0.954351	0.406151	0	0.125438	-1.02957	0	0.828913	0.623416	0	
3.66	-0.957427	0.399335	0	0.132879	-1.02882	0	0.824548	0.629489	0	
3.67	-0.960454	0.392498	0	0.140314	-1.02803	0	0.82014	0.635528	0	
3.68	-0.963431	0.38564	0	0.147742	-1.02718	0	0.815689	0.641536	0	
3.69	-0.966358	0.378761	0	0.155162	-1.02627	0	0.811196	0.64751	0	
3.7	-0.969236	0.371863	0	0.162575	-1.02531	0	0.806661	0.653452	0	
3.71	-0.972064	0.364945	0	0.16998	-1.0243	0	0.802084	0.659359	0	
3.72	-0.974842	0.358008	0	0.177377	-1.02324	0	0.797465	0.665234	0	
3.73	-0.977569	0.351052	0	0.184764	-1.02213	0	0.792805	0.671074	0	
3.74	-0.980247	0.344078	0	0.192143	-1.02096	0	0.788104	0.67688	0	
3.75	-0.982874	0.337086	0	0.199512	-1.01974	0	0.783362	0.682651	0	
3.76	-0.985451	0.330076	0	0.206871	-1.01846	0	0.778579	0.688387	0	
3.77	-0.987977	0.323048	0	0.21422	-1.01714	0	0.773756	0.694089	0	
3.78	-0.990452	0.316004	0	0.221559	-1.01576	0	0.768893	0.699755	0	
3.79	-0.992877	0.308943	0	0.228886	-1.01433	0	0.763991	0.705385	0	
3.8	-0.99525	0.301866	0	0.236202	-1.01284	0	0.759048	0.710979	0	
3.81	-0.997573	0.294773	0	0.243506	-1.01131	0	0.754067	0.716537	0	
3.82	-0.999844	0.287664	0	0.250798	-1.00972	0	0.749047	0.722059	0	
3.83	-1.00206	0.28054	0	0.258077	-1.00808	0	0.743987	0.727543	0	
3.84	-1.00423	0.273402	0	0.265344	-1.00639	0	0.73889	0.732991	0	
3.85	-1.00635	0.266249	0	0.272598	-1.00465	0	0.733754	0.738402	0	
3.86	-1.00842	0.259082	0	0.279837	-1.00286	0	0.728581	0.743775	0	
3.87	-1.01043	0.251902	0	0.287063	-1.00101	0	0.72337	0.74911	0	
3.88	-1.0124	0.244708	0	0.294275	-0.999115	0	0.718121	0.754407	0	
3.89	-1.01431	0.237501	0	0.301472	-0.997167	0	0.712836	0.759666	0	
3.9	-1.01617	0.230282	0	0.308654	-0.995168	0	0.707514	0.764886	0	
3.91	-1.01798	0.223051	0	0.31582	-0.993119	0	0.702156	0.770068	0	
3.92	-1.01973	0.215808	0	0.322971	-0.991018	0	0.696761	0.77521	0	
3.93	-1.02144	0.208554	0	0.330106	-0.988867	0	0.691331	0.780313	0	
3.94	-1.02309	0.201288	0	0.337224	-0.986665	0	0.685865	0.785377	0	
3.95	-1.02469	0.194012	0	0.344325	-0.984413	0	0.680364	0.790401	0	
3.96	-1.02624	0.186726	0	0.351409	-0.982111	0	0.674828	0.795385	0	
3.97	-1.02773	0.17943	0	0.358476	-0.979758	0	0.669258	0.800328	0	
3.98	-1.02918	0.172124	0	0.365525	-0.977356	0	0.663653	0.805232	0	
3.99	-1.03057	0.16481	0	0.372555	-0.974904	0	0.658014	0.810094	0	
4	-1.03191	0.157486	0	0.379567	-0.972402	0	0.652341	0.814916	0	
4.01	-1.03319	0.150154	0	0.38656	-0.96985	0	0.646635	0.819696	0	
4.02	-1.03443	0.142814	0	0.393534	-0.967249	0	0.640896	0.824435	0	
4.03	-1.03561	0.135467	0	0.400488	-0.964599	0	0.635124	0.829133	0	
4.04	-1.03674	0.128112	0	0.407422	-0.9619	0	0.629319	0.833788	0	
4.05	-1.03782	0.120751	0	0.414336	-0.959152	0	0.623482	0.838402	0	
4.06	-1.03884	0.113382	0	0.421229	-0.956356	0	0.617614	0.842973	0	
4.07	-1.03982	0.106008	0	0.428102	-0.953511	0	0.611714	0.847502	0	
4.08	-1.04073	0.0986284	0	0.434953	-0.950617	0	0.605782	0.851989	0	
4.09	-1.0416	0.0912431	0	0.441782	-0.947675	0	0.59982	0.856432	0	
4.1	-1.04242	0.0838528	0	0.448589	-0.944686	0	0.593827	0.860833	0	
4.11	-1.04318	0.076458	0	0.455375	-0.941648	0	0.587804	0.86519	0	
4.12	-1.04389	0.0690589	0	0.462137	-0.938562	0	0.58175	0.869504	0	
4.13	-1.04454	0.0616559	0	0.468876	-0.93543	0	0.575668	0.873774	0	
4.14	-1.04515	0.0542495	0	0.475593	-0.932249	0	0.569555	0.878	0	
4.15	-1.0457	0.0468399	0	0.482285	-0.929022	0	0.563414	0.882182	0	
4.16	-1.0462	0.0394277	0	0.488954	-0.925748	0	0.557244	0.88632	0	
4.17	-1.04664	0.032013	0	0.495598	-0.922427	0	0.551046	0.890414	0	
4.18	-1.04704	0.0245964	0	0.502218	-0.919059	0	0.54482	0.894463	0	
4.19	-1.04738	0.0171782	0	0.508812	-0.915645	0	0.538566	0.898467	0	
4.2	-1.04767	0.00975869	0	0.515382	-0.912185	0	0.532284	0.902426	0	
4.21	-1.0479	0.00233836	0	0.521926	-0.908679	0	0.525976	0.90634	0	
4.22	-1.04808	-0.00508246	0	0.528444	-0.905127	0	0.519641	0.910209	0	
4.23	-1.04821	-0.0125034	0	0.534936	-0.901529	0	0.513279	0.914032	0	
4.24	-1.04829	-0.0199241	0	0.541401	-0.897886	0	0.506892	0.91781	0	
4.25	-1.04832	-0.0273441	0	0.54784	-0.894198	0	0.500478	0.921542	0	
4.26	-1.04829	-0.0347632	0	0.554251	-0.890465	0	0.494039	0.925228	0	
4.27	-1.04821	-0.0421809	0	0.560635	-0.886687	0	0.487576	0.928868	0	
4.28	-1.04808	-0.0495968	0	0.566991	-0.882864	0	0.481087	0.932461	0	
4.29	-1.04789	-0.0570107	0	0.57332	-0.878998	0	0.474574	0.936008	0	
4.3	-1.04766	-0.064422	0	0.57962	-0.875087	0	0.468037	0.939509	0	
4.31	-1.04737	-0.0718306	0	0.585891	-0.871132	0	0.461477	0.942962	0	
4.32	-1.04703	-0.0792359	0	0.592133	-0.867133	0	0.454893	0.946369	0	
4.33	-1.04663	-0.0866376	0	0.598346	-0.863091	0	0.448286	0.949729	0	
4.34	-1.04619	-0.0940353	0	0.60453	-0.859006	0	0.441656	0.953041	0	
4.35	-1.04569	-0.101429	0	0.610684	-0.854878	0	0.435004	0.956307	0	
4.36	-1.04514	-0.108818	0	0.616807	-0.850707	0	0.42833	0.959524	0	
4.37	-1.04453	-0.116201	0	0.622901	-0.846493	0	0.421634	0.962694	0	
4.38	-1.04388	-0.12358	0	0.628963	-0.842237	0	0.414917	0.965817	0	
4.39	-1.04317	-0.130952	0	0.634995	-0.837939	0	0.408179	0.968891	0	
4.4	-1.04242	-0.138318	0	0.640995	-0.833599	0	0.401421	0.971918	0	
4.41	-1.04161	-0.145678	0	0.646964	-0.829218	0	0.394642	0.974896	0	
4.42	-1.04074	-0.153031	0	0.652901	-0.824795	0	0.387843	0.977826	0	
4.43	-1.03983	-0.160377	0	0.658806	-0.820331	0	0.381024	0.980708	0	
4.44	-1.03886	-0.167715	0	0.664678	-0.815826	0	0.374187	0.983541	0	
4.45	-1.03785	-0.175045	0	0.670518	-0.81128	0	0.36733	0.986325	0	
4.46	-1.03678	-0.182367	0	0.676325	-0.806694	0	0.360455	0.989061	0	
4.47	-1.03566	-0.189681	0	0.682098	-0.802068	0	0.353562	0.991748	0	
4.48	-1.03449	-0.196985	0	0.687839	-0.797402	0	0.346651	0.994386	0	
4.49	-1.03327	-0.20428	0	0.693545	-0.792696	0	0.339722	0.996975	0	
4.5	-1.03199	-0.211565	0	0.699217	-0.78795	0	0.332776	0.999515	0	
4.51	-1.03067	-0.21884	0	0.704856	-0.783166	0	0.325814	1.00201	0	
4.52	-1.02929	-0.226104	0	0.710459	-0.778343	0	0.318835	1.00445	0	
4.53	-1.02787	-0.233358	0	0.716028	-0.773481	0	0.31184	1.00684	0	
4.54	-1.02639	-0.240601	0	0.721562	-0.76858	0	0.304829	1.00918	0	
4.55	-1.02486	-0.247832	0	0.72706	-0.763642	0	0.297803	1.01147	0	
4.56	-1.02329	-0.255051	0	0.732523	-0.758665	0	0.290762	1.01372	0	
4.57	-1.02166	-0.262258	0	0.73795	-0.753651	0	0.283706	1.01591	0	
4.58	-1.01998	-0.269453	0	0.743341	-0.7486	0	0.276636	1.01805	0	
4.59	-1.01825	-0.276634	0	0.748696	-0.743511	0	0.269552	1.02015	0	
4.6	-1.01647	-0.283803	0	0.754014	-0.738386	0	0.262454	1.02219	0	
4.61	-1.01464	-0.290957	0	0.759296	-0.733224	0	0.255343	1.02418	0	
4.62	-1.01276	-0.298098	0	0.76454	-0.728026	0	0.248219	1.02612	0	
4.63	-1.01083	-0.305225	0	0.769747	-0.722792	0	0.241083	1.02802	0	
4.64	-1.00885	-0.312336	0	0.774917	-0.717522	0	0.233934	1.02986	0	
4.65	-1.00682	-0.319433	0	0.780049	-0.712217	0	0.226774	1.03165	0	
4.66	-1.00474	-0.326515	0	0.785143	-0.706877	0	0.219602	1.03339	0	
4.67	-1.00262	-0.333581	0	0.790198	-0.701502	0	0.212419	1.03508	0	
4.68	-1.00044	-0.340631	0	0.795215	-0.696092	0	0.205225	1.03672	0	
4.69	-0.998215	-0.347665	0	0.800194	-0.690647	0	0.198021	1.03831	0	
4.7	-0.995941	-0.354682	0	0.805134	-0.685169	0	0.190807	1.03985	0	
4.71	-0.993617	-0.361682	0	0.810034	-0.679657	0	0.183583	1.04134	0	
4.72	-0.991245	-0.368664	0	0.814895	-0.674112	0	0.17635	1.04278	0	
4.73	-0.988825	-0.375629	0	0.819717	-0.668533	0	0.169108	1.04416	0	
4.74	-0.986356	-0.382576	0	0.824499	-0.662921	0	0.161857	1.0455	0	
4.75	-0.983839	-0.389505	0	0.829241	-0.657277	0	0.154598	1.04678	0	
4.76	-0.981274	-0.396415	0	0.833942	-0.6516	0	0.147331	1.04802	0	
4.77	-0.978661	-0.403306	0	0.838603	-0.645892	0	0.140057	1.0492	0	
4.78	-0.976	-0.410178	0	0.843224	-0.640152	0	0.132775	1.05033	0	
4.79	-0.973291	-0.41703	0	0.847804	-0.63438	0	0.125487	1.05141	0	
4.8	-0.970535	-0.423862	0	0.852343	-0.628577	0	0.118192	1.05244	0	
4.81	-0.967731	-0.430674	0	0.85684	-0.622743	0	0.110891	1.05342	0	
4.82	-0.964881	-0.437465	0	0.861296	-0.616879	0	0.103585	1.05434	0	
4.83	-0.961983	-0.444235	0	0.865711	-0.610984	0	0.0962725	1.05522	0	
4.84	-0.959039	-0.450985	0	0.870083	-0.60506	0	0.0889554	1.05604	0	
4.85	-0.956048	-0.457712	0	0.874414	-0.599106	0	0.0816336	1.05682	0	
4.86	-0.95301	-0.464418	0	0.878703	-0.593122	0	0.0743075	1.05754	0	
4.87	-0.949926	-0.471101	0	0.882949	-0.58711	0	0.0669774	1.05821	0	
4.88	-0.946796	-0.477762	0	0.887152	-0.581068	0	0.0596438	1.05883	0	
4.89	-0.94362	-0.4844	0	0.891313	-0.574998	0	0.0523069	1.0594	0	
4.9	-0.940398	-0.491015	0	0.895431	-0.568901	0	0.0449671	1.05992	0	
4.91	-0.93713	-0.497607	0	0.899505	-0.562775	0	0.0376247	1.06038	0	
4.92	-0.933817	-0.504175	0	0.903537	-0.556622	0	0.0302802	1.0608	0	
4.93	-0.930458	-0.510719	0	0.907525	-0.550441	0	0.0229339	1.06116	0	
4.94	-0.927055	-0.517238	0	0.911469	-0.544234	0	0.0155862	1.06147	0	
4.95	-0.923606	-0.523733	0	0.915369	-0.538	0	0.00823727	1.06173	0	
4.96	-0.920113	-0.530203	0	0.919226	-0.53174	0	0.000887632	1.06194	0	
4.97	-0.916576	-0.536647	0	0.923038	-0.525454	0	-0.0064624	1.0621	0	
4.98	-0.912993	-0.543066	0	0.926806	-0.519142	0	-0.0138125	1.06221	0	
4.99	-0.909367	-0.549459	0	0.930529	-0.512805	0	-0.0211622	1.06226	0	
5	-0.905697	-0.555826	0	0.934208	-0.506443	0	-0.0285113	1.06227	0	
5.01	-0.901983	-0.562167	0	0.937842	-0.500057	0	-0.0358594	1.06222	0	
5.02	-0.898225	-0.568481	0	0.941431	-0.493646	0	-0.0432061	1.06213	0	
5.03	-0.894424	-0.574767	0	0.944975	-0.48721	0	-0.0505511	1.06198	0	
5.04	-0.89058	-0.581027	0	0.948474	-0.480752	0	-0.057894	1.06178	0	
5.05	-0.886693	-0.587259	0	0.951928	-0.474269	0	-0.0652345	1.06153	0	
5.06	-0.882763	-0.593463	0	0.955335	-0.467764	0	-0.0725722	1.06123	0	
5.07	-0.878791	-0.599638	0	0.958697	-0.461236	0	-0.0799068	1.06087	0	
5.08	-0.874776	-0.605786	0	0.962014	-0.454685	0	-0.0872379	1.06047	0	
5.09	-0.870719	-0.611904	0	0.965284	-0.448113	0	-0.0945651	1.06002	0	
5.1	-0.86662	-0.617994	0	0.968508	-0.441518	0	-0.101888	1.05951	0	
5.11	-0.86248	-0.624054	0	0.971686	-0.434902	0	-0.109207	1.05896	0	
5.12	-0.858298	-0.630084	0	0.974818	-0.428265	0	-0.11652	1.05835	0	
5.13	-0.854074	-0.636085	0	0.977903	-0.421607	0	-0.123829	1.05769	0	
5.14	-0.84981	-0.642056	0	0.980942	-0.414929	0	-0.131132	1.05698	0	
5.15	-0.845505	-0.647996	0	0.983933	-0.40823	0	-0.138429	1.05623	0	
5.16	-0.841159	-0.653905	0	0.986878	-0.401512	0	-0.145719	1.05542	0	
5.17	-0.836773	-0.659784	0	0.989776	-0.394774	0	-0.153003	1.05456	0	
5.18	-0.832346	-0.665631	0	0.992627	-0.388017	0	-0.160281	1.05365	0	
5.19	-0.82788	-0.671447	0	0.99543	-0.381242	0	-0.16755	1.05269	0	
5.2	-0.823374	-0.677231	0	0.998187	-0.374447	0	-0.174813	1.05168	0	
5.21	-0.818829	-0.682983	0	1.0009	-0.367635	0	-0.182067	1.05062	0	
5.22	-0.814244	-0.688703	0	1.00356	-0.360804	0	-0.189313	1.04951	0	
5.23	-0.80962	-0.694391	0	1.00617	-0.353956	0	-0.19655	1.04835	0	
5.24	-0.804958	-0.700045	0	1.00874	-0.347091	0	-0.203778	1.04714	0	
5.25	-0.800257	-0.705667	0	1.01125	-0.34021	0	-0.210997	1.04588	0	
5.26	-0.795518	-0.711255	0	1.01372	-0.333311	0	-0.218206	1.04457	0	
5.27	-0.79074	-0.716809	0	1.01615	-0.326397	0	-0.225405	1.04321	0	
5.28	-0.785925	-0.72233	0	1.01852	-0.319466	0	-0.232594	1.0418	0	
5.29	-0.781073	-0.727817	0	1.02084	-0.31252	0	-0.239772	1.04034	0	
5.3	-0.776183	-0.73327	0	1.02312	-0.305559	0	-0.246939	1.03883	0	
5.31	-0.771256	-0.738688	0	1.02535	-0.298583	0	-0.254094	1.03727	0	
5.32	-0.766292	-0.744071	0	1.02753	-0.291593	0	-0.261238	1.03566	0	
5.33	-0.761292	-0.749419	0	1.02966	-0.284588	0	-0.26837	1.03401	0	
5.34	-0.756255	-0.754732	0	1.03174	-0.27757	0	-0.27549	1.0323	0	
5.35	-0.751182	-0.760009	0	1.03378	-0.270538	0	-0.282596	1.03055	0	
5.36	-0.746074	-0.765251	0	1.03576	-0.263493	0	-0.28969	1.02874	0	
5.37	-0.74093	-0.770457	0	1.0377	-0.256436	0	-0.29677	1.02689	0	
5.38	-0.735751	-0.775627	0	1.03959	-0.249365	0	-0.303837	1.02499	0	
5.39	-0.730536	-0.78076	0	1.04143	-0.242283	0	-0.31089	1.02304	0	
5.4	-0.725287	-0.785856	0	1.04321	-0.235189	0	-0.317928	1.02105	0	
5.41	-0.720003	-0.790916	0	1.04495	-0.228083	0	-0.324952	1.019	0	
5.42	-0.714686	-0.795938	0	1.04665	-0.220967	0	-0.33196	1.01691	0	
5.43	-0.709334	-0.800924	0	1.04829	-0.213839	0	-0.338953	1.01476	0	
5.44	-0.703948	-0.805871	0	1.04988	-0.206701	0	-0.345931	1.01257	0	
5.45	-0.698529	-0.810781	0	1.05142	-0.199553	0	-0.352893	1.01033	0	
5.46	-0.693077	-0.815653	0	1.05291	-0.192396	0	-0.359838	1.00805	0	
5.47	-0.687592	-0.820487	0	1.05436	-0.185229	0	-0.366767	1.00572	0	
5.48	-0.682074	-0.825282	0	1.05575	-0.178052	0	-0.373678	1.00333	0	
5.49	-0.676524	-0.830039	0	1.0571	-0.170868	0	-0.380573	1.00091	0	
5.5	-0.670942	-0.834757	0	1.05839	-0.163674	0	-0.38745	0.998431	0	
5.51	-0.665328	-0.839436	0	1.05964	-0.156473	0	-0.394309	0.995909	0	
5.52	-0.659683	-0.844075	0	1.06083	-0.149264	0	-0.401149	0.99334	0	
5.53	-0.654006	-0.848676	0	1.06198	-0.142048	0	-0.407972	0.990723	0	
5.54	-0.648298	-0.853236	0	1.06307	-0.134825	0	-0.414775	0.988061	0	
5.55	-0.64256	-0.857757	0	1.06412	-0.127595	0	-0.421559	0.985351	0	
5.56	-0.636791	-0.862238	0	1.06512	-0.120358	0	-0.428324	0.982596	0	
5.57	-0.630992	-0.866678	0	1.06606	-0.113116	0	-0.435069	0.979794	0	
5.58	-0.625163	-0.871078	0	1.06696	-0.105868	0	-0.441794	0.976946	0	
5.59	-0.619305	-0.875438	0	1.0678	-0.0986147	0	-0.448499	0.974052	0	
5.6	-0.613417	-0.879756	0	1.0686	-0.0913565	0	-0.455183	0.971113	0	
5.61	-0.6075	-0.884034	0	1.06935	-0.0840937	0	-0.461846	0.968128	0	
5.62	-0.601555	-0.88827	0	1.07004	-0.0768266	0	-0.468487	0.965097	0	
5.63	-0.595581	-0.892465	0	1.07069	-0.0695556	0	-0.475107	0.962021	0	
5.64	-0.589579	-0.896619	0	1.07128	-0.062281	0	-0.481705	0.9589	0	
5.65	-0.583549	-0.900731	0	1.07183	-0.0550031	0	-0.488281	0.955734	0	
5.66	-0.577492	-0.904801	0	1.07233	-0.0477223	0	-0.494835	0.952523	0	
5.67	-0.571407	-0.908829	0	1.07277	-0.040439	0	-0.501365	0.949268	0	
5.68	-0.565296	-0.912814	0	1.07317	-0.0331534	0	-0.507873	0.945968	0	
5.69	-0.559158	-0.916758	0	1.07351	-0.0258659	0	-0.514357	0.942624	0	
5.7	-0.552993	-0.920658	0	1.07381	-0.0185769	0	-0.520817	0.939235	0	
5.71	-0.546802	-0.924516	0	1.07406	-0.0112867	0	-0.527253	0.935803	0	
5.72	-0.540586	-0.928331	0	1.07425	-0.0039956	0	-0.533665	0.932327	0	
5.73	-0.534344	-0.932103	0	1.0744	0.00329601	0	-0.540053	0.928807	0	
5.74	-0.528077	-0.935832	0	1.07449	0.0105878	0	-0.546416	0.925244	0	
5.75	-0.521785	-0.939517	0	1.07454	0.0178794	0	-0.552753	0.921638	0	
5.76	-0.515469	-0.943159	0	1.07453	0.0251706	0	-0.559065	0.917988	0	
5.77	-0.509128	-0.946757	0	1.07448	0.0324609	0	-0.565352	0.914296	0	
5.78	-0.502763	-0.950311	0	1.07438	0.0397501	0	-0.571612	0.910561	0	
5.79	-0.496375	-0.953822	0	1.07422	0.0470377	0	-0.577846	0.906784	0	
5.8	-0.489963	-0.957288	0	1.07402	0.0543235	0	-0.584054	0.902964	0	
5.81	-0.483528	-0.960709	0	1.07376	0.0616071	0	-0.590235	0.899102	0	
5.82	-0.47707	-0.964087	0	1.07346	0.0688882	0	-0.596388	0.895198	0	
5.83	-0.47059	-0.967419	0	1.07311	0.0761664	0	-0.602515	0.891253	0	
5.84	-0.464088	-0.970707	0	1.0727	0.0834414	0	-0.608613	0.887266	0	
5.85	-0.457564	-0.973951	0	1.07225	0.0907129	0	-0.614684	0.883238	0	
5.86	-0.451019	-0.977149	0	1.07175	0.0979806	0	-0.620726	0.879168	0	
5.87	-0.444452	-0.980302	0	1.07119	0.105244	0	-0.62674	0.875058	0	
5.88	-0.437865	-0.98341	0	1.07059	0.112503	0	-0.632725	0.870907	0	
5.89	-0.431256	-0.986472	0	1.06994	0.119757	0	-0.638682	0.866715	0	
5.9	-0.424628	-0.989489	0	1.06924	0.127006	0	-0.644608	0.862483	0	
5.91	-0.41798	-0.99246	0	1.06849	0.134249	0	-0.650506	0.858211	0	
5.92	-0.411312	-0.995386	0	1.06769	0.141486	0	-0.656373	0.853899	0	
5.93	-0.404624	-0.998265	0	1.06684	0.148718	0	-0.662211	0.849548	0	
5.94	-0.397918	-1.0011	0	1.06594	0.155942	0	-0.668018	0.845157	0	
5.95	-0.391193	-1.00389	0	1.06499	0.16316	0	-0.673794	0.840726	0	
5.96	-0.38445	-1.00663	0	1.06399	0.170371	0	-0.67954	0.836257	0	
5.97	-0.377688	-1.00932	0	1.06294	0.177574	0	-0.685255	0.831749	0	
5.98	-0.370909	-1.01197	0	1.06185	0.184769	0	-0.690938	0.827202	0	
5.99	-0.364112	-1.01457	0	1.0607	0.191956	0	-0.69659	0.822617	0	
6	-0.357299	-1.01713	0	1.05951	0.199134	0	-0.702209	0.817994	0	
6.01	-0.350468	-1.01964	0	1.05827	0.206304	0	-0.707797	0.813333	0	
6.02	-0.343621	-1.0221	0	1.05697	0.213464	0	-0.713352	0.808634	0	
6.03	-0.336758	-1.02451	0	1.05563	0.220615	0	-0.718875	0.803897	0	
6.04	-0.329879	-1.02688	0	1.05424	0.227756	0	-0.724365	0.799124	0	
6.05	-0.322985	-1.0292	0	1.05281	0.234887	0	-0.729822	0.794313	0	
6.06	-0.316075	-1.03147	0	1.05132	0.242008	0	-0.735245	0.789466	0	
6.07	-0.309151	-1.0337	0	1.04979	0.249118	0	-0.740635	0.784582	0	
6.08	-0.302212	-1.03588	0	1.0482	0.256216	0	-0.745991	0.779662	0	
6.09	-0.295258	-1.03801	0	1.04657	0.263303	0	-0.751313	0.774706	0	
6.1	-0.288291	-1.04009	0	1.04489	0.270379	0	-0.756601	0.769714	0	
6.11	-0.281311	-1.04213	0	1.04316	0.277442	0	-0.761854	0.764686	0	
6.12	-0.274317	-1.04412	0	1.04139	0.284493	0	-0.767072	0.759623	0	
6.13	-0.26731	-1.04606	0	1.03957	0.291531	0	-0.772256	0.754525	0	
6.14	-0.26029	-1.04795	0	1.03769	0.298556	0	-0.777404	0.749392	0	
6.15	-0.253259	-1.04979	0	1.03578	0.305567	0	-0.782517	0.744224	0	
6.16	-0.246215	-1.05159	0	1.03381	0.312565	0	-0.787594	0.739022	0	
6.17	-0.23916	-1.05334	0	1.0318	0.319549	0	-0.792635	0.733786	0	
6.18	-0.232093	-1.05504	0	1.02973	0.326519	0	-0.797641	0.728516	0	
6.19	-0.225016	-1.05669	0	1.02763	0.333474	0	-0.80261	0.723213	0	
6.2	-0.217928	-1.05829	0	1.02547	0.340414	0	-0.807542	0.717876	0	
6.21	-0.210829	-1.05984	0	1.02327	0.347339	0	-0.812438	0.712506	0	
6.22	-0.203721	-1.06135	0	1.02102	0.354248	0	-0.817296	0.707103	0	
6.23	-0.196603	-1.06281	0	1.01872	0.361141	0	-0.822118	0.701668	0	
6.24	-0.189476	-1.06422	0	1.01638	0.368018	0	-0.826902	0.6962	0	
6.25	-0.182339	-1.06558	0	1.01399	0.374879	0	-0.831648	0.6907	0	
6.26	-0.175194	-1.06689	0	1.01155	0.381723	0	-0.836357	0.685168	0	
6.27	-0.168041	-1.06815	0	1.00907	0.388549	0	-0.841028	0.679605	0	
6.28	-0.16088	-1.06937	0	1.00654	0.395358	0	-0.84566	0.67401	0	
6.29	-0.153711	-1.07053	0	1.00397	0.40215	0	-0.850255	0.668385	0	
6.3	-0.146534	-1.07165	0	1.00134	0.408923	0	-0.85481	0.662728	0	
6.31	-0.139351	-1.07272	0	0.998678	0.415678	0	-0.859327	0.657041	0	
6.32	-0.132161	-1.07374	0	0.995965	0.422415	0	-0.863804	0.651324	0	
6.33	-0.124965	-1.07471	0	0.993208	0.429132	0	-0.868243	0.645577	0	
6.34	-0.117762	-1.07563	0	0.990404	0.43583	0	-0.872642	0.6398	0	
6.35	-0.110554	-1.0765	0	0.987556	0.442509	0	-0.877002	0.633994	0	
6.36	-0.103341	-1.07733	0	0.984662	0.449167	0	-0.881321	0.628159	0	
6.37	-0.0961221	-1.0781	0	0.981723	0.455806	0	-0.885601	0.622294	0	
6.38	-0.0888988	-1.07883	0	0.97874	0.462424	0	-0.889841	0.616401	0	
6.39	-0.0816712	-1.0795	0	0.975712	0.469022	0	-0.89404	0.61048	0	
6.4	-0.0744396	-1.08013	0	0.972639	0.475598	0	-0.898199	0.604531	0	
6.41	-0.0672042	-1.08071	0	0.969522	0.482153	0	-0.902317	0.598554	0	
6.42	-0.0599655	-1.08124	0	0.96636	0.488686	0	-0.906395	0.592549	0	
6.43	-0.0527236	-1.08172	0	0.963155	0.495198	0	-0.910431	0.586518	0	
6.44	-0.0454791	-1.08215	0	0.959905	0.501687	0	-0.914426	0.580459	0	
6.45	-0.0382322	-1.08253	0	0.956612	0.508153	0	-0.91838	0.574373	0	
6.46	-0.0309832	-1.08286	0	0.953275	0.514597	0	-0.922292	0.568262	0	
6.47	-0.0237324	-1.08314	0	0.949895	0.521018	0	-0.926162	0.562124	0	
6.48	-0.0164803	-1.08338	0	0.946471	0.527416	0	-0.929991	0.55596	0	
6.49	-0.00922707	-1.08356	0	0.943004	0.533789	0	-0.933777	0.549771	0	
6.5	-0.0019731	-1.0837	0	0.939495	0.540139	0	-0.937522	0.543557	0	
6.51	0.00528129	-1.08378	0	0.935942	0.546465	0	-0.941223	0.537317	0	
6.52	0.0125358	-1.08382	0	0.932347	0.552766	0	-0.944883	0.531053	0	
6.53	0.01979	-1.08381	0	0.92871	0.559042	0	-0.9485	0.524765	0	
6.54	0.0270437	-1.08375	0	0.92503	0.565294	0	-0.952073	0.518452	0	
6.55	0.0342964	-1.08364	0	0.921308	0.571519	0	-0.955604	0.512116	0	
6.56	0.041548	-1.08348	0	0.917544	0.57772	0	-0.959092	0.505757	0	
6.57	0.048798	-1.08327	0	0.913738	0.583894	0	-0.962536	0.499374	0	
6.58	0.0560461	-1.08301	0	0.909891	0.590042	0	-0.965937	0.492968	0	
6.59	0.063292	-1.0827	0	0.906003	0.596164	0	-0.969295	0.486539	0	
6.6	0.0705354	-1.08235	0	0.902073	0.602259	0	-0.972608	0.480089	0	
6.61	0.0777759	-1.08194	0	0.898102	0.608327	0	-0.975878	0.473616	0	
6.62	0.0850132	-1.08149	0	0.894091	0.614368	0	-0.979104	0.467121	0	
6.63	0.092247	-1.08099	0	0.890039	0.620382	0	-0.982286	0.460605	0	
6.64	0.0994769	-1.08044	0	0.885946	0.626367	0	-0.985423	0.454068	0	
6.65	0.106703	-1.07984	0	0.881813	0.632325	0	-0.988516	0.44751	0	
6.66	0.113924	-1.07919	0	0.87764	0.638254	0	-0.991564	0.440932	0	
6.67	0.12114	-1.07849	0	0.873428	0.644155	0	-0.994568	0.434333	0	
6.68	0.128352	-1.07774	0	0.869175	0.650026	0	-0.997527	0.427715	0	
6.69	0.135558	-1.07695	0	0.864884	0.655869	0	-1.00044	0.421077	0	
6.7	0.142758	-1.0761	0	0.860552	0.661683	0	-1.00331	0.414419	0	
6.71	0.149952	-1.07521	0	0.856182	0.667466	0	-1.00613	0.407743	0	
6.72	0.157139	-1.07427	0	0.851773	0.67322	0	-1.00891	0.401047	0	
6.73	0.16432	-1.07328	0	0.847326	0.678944	0	-1.01165	0.394334	0	
6.74	0.171493	-1.07224	0	0.84284	0.684637	0	-1.01433	0.387602	0	
6.75	0.17866	-1.07115	0	0.838316	0.6903	0	-1.01698	0.380853	0	
6.76	0.185818	-1.07002	0	0.833753	0.695932	0	-1.01957	0.374086	0	
6.77	0.192968	-1.06883	0	0.829153	0.701533	0	-1.02212	0.367302	0	
6.78	0.200111	-1.0676	0	0.824516	0.707102	0	-1.02463	0.360501	0	
6.79	0.207244	-1.06632	0	0.819841	0.71264	0	-1.02708	0.353683	0	
6.8	0.214368	-1.065	0	0.815129	0.718146	0	-1.0295	0.346849	0	
6.81	0.221483	-1.06362	0	0.81038	0.72362	0	-1.03186	0.34	0	
6.82	0.228589	-1.0622	0	0.805594	0.729061	0	-1.03418	0.333134	0	
6.83	0.235684	-1.06072	0	0.800772	0.73447	0	-1.03646	0.326254	0	
6.84	0.242769	-1.0592	0	0.795913	0.739846	0	-1.03868	0.319358	0	
6.85	0.249844	-1.05764	0	0.791019	0.745189	0	-1.04086	0.312448	0	
6.86	0.256907	-1.05602	0	0.786088	0.750499	0	-1.043	0.305523	0	
6.87	0.263959	-1.05436	0	0.781122	0.755775	0	-1.04508	0.298584	0	
6.88	0.271	-1.05265	0	0.776121	0.761018	0	-1.04712	0.291632	0	
6.89	0.278029	-1.05089	0	0.771085	0.766226	0	-1.04911	0.284666	0	
6.9	0.285046	-1.04909	0	0.766013	0.771401	0	-1.05106	0.277687	0	
6.91	0.29205	-1.04724	0	0.760907	0.77654	0	-1.05296	0.270695	0	
6.92	0.299041	-1.04534	0	0.755767	0.781646	0	-1.05481	0.263691	0	
6.93	0.30602	-1.04339	0	0.750593	0.786716	0	-1.05661	0.256674	0	
6.94	0.312985	-1.0414	0	0.745384	0.791751	0	-1.05837	0.249646	0	
6.95	0.319936	-1.03936	0	0.740142	0.796751	0	-1.06008	0.242606	0	
6.96	0.326873	-1.03727	0	0.734866	0.801715	0	-1.06174	0.235555	0	
6.97	0.333795	-1.03514	0	0.729557	0.806644	0	-1.06335	0.228493	0	
6.98	0.340703	-1.03296	0	0.724215	0.811536	0	-1.06492	0.221421	0	
6.99	0.347597	-1.03073	0	0.718841	0.816393	0	-1.06644	0.214338	0	
7	0.354474	-1.02846	0	0.713434	0.821213	0	-1.06791	0.207245	0	
7.01	0.361336	-1.02614	0	0.707994	0.825996	0	-1.06933	0.200143	0	
7.02	0.368183	-1.02377	0	0.702523	0.830742	0	-1.07071	0.193031	0	
7.03	0.375013	-1.02136	0	0.69702	0.835452	0	-1.07203	0.185911	0	
7.04	0.381826	-1.01891	0	0.691485	0.840124	0	-1.07331	0.178782	0	
7.05	0.388623	-1.0164	0	0.685919	0.844759	0	-1.07454	0.171644	0	
7.06	0.395403	-1.01385	0	0.680322	0.849356	0	-1.07573	0.164498	0	
7.07	0.402165	-1.01126	0	0.674695	0.853915	0	-1.07686	0.157345	0	
7.08	0.408909	-1.00862	0	0.669037	0.858437	0	-1.07795	0.150185	0	
7.09	0.415636	-1.00594	0	0.663348	0.862919	0	-1.07898	0.143017	0	
7.1	0.422344	-1.00321	0	0.65763	0.867364	0	-1.07997	0.135842	0	
7.11	0.429034	-1.00043	0	0.651882	0.87177	0	-1.08092	0.128662	0	
7.12	0.435704	-0.997612	0	0.646105	0.876137	0	-1.08181	0.121475	0	
7.13	0.442356	-0.994747	0	0.640298	0.880465	0	-1.08265	0.114282	0	
7.14	0.448988	-0.991838	0	0.634463	0.884754	0	-1.08345	0.107084	0	
7.15	0.4556	-0.988884	0	0.628599	0.889003	0	-1.0842	0.0998809	0	
7.16	0.462192	-0.985886	0	0.622706	0.893213	0	-1.0849	0.0926729	0	
7.17	0.468764	-0.982844	0	0.616786	0.897383	0	-1.08555	0.0854604	0	
7.18	0.475315	-0.979757	0	0.610837	0.901513	0	-1.08615	0.0782438	0	
7.19	0.481845	-0.976627	0	0.604861	0.905603	0	-1.08671	0.0710234	0	
7.2	0.488354	-0.973452	0	0.598858	0.909653	0	-1.08721	0.0637995	0	
7.21	0.494841	-0.970235	0	0.592827	0.913662	0	-1.08767	0.0565724	0	
7.22	0.501306	-0.966973	0	0.58677	0.917631	0	-1.08808	0.0493424	0	
7.23	0.50775	-0.963668	0	0.580686	0.921558	0	-1.08844	0.04211	0	
7.24	0.514171	-0.96032	0	0.574577	0.925445	0	-1.08875	0.0348753	0	
7.25	0.520569	-0.956929	0	0.568441	0.929291	0	-1.08901	0.0276387	0	
7.26	0.526944	-0.953495	0	0.562279	0.933095	0	-1.08922	0.0204006	0	
7.27	0.533296	-0.950019	0	0.556092	0.936858	0	-1.08939	0.0131613	0	
7.28	0.539625	-0.9465	0	0.54988	0.940579	0	-1.08951	0.00592101	0	
7.29	0.54593	-0.942938	0	0.543644	0.944258	0	-1.08957	-0.00131984	0	
7.3	0.55221	-0.939334	0	0.537382	0.947895	0	-1.08959	-0.00856095	0	
7.31	0.558466	-0.935688	0	0.531097	0.95149	0	-1.08956	-0.015802	0	
7.32	0.564698	-0.932	0	0.524787	0.955043	0	-1.08948	-0.0230427	0	
7.33	0.570905	-0.928271	0	0.518454	0.958553	0	-1.08936	-0.0302826	0	
7.34	0.577086	-0.924499	0	0.512097	0.962021	0	-1.08918	-0.0375216	0	
7.35	0.583242	-0.920687	0	0.505717	0.965446	0	-1.08896	-0.0447592	0	
7.36	0.589372	-0.916833	0	0.499314	0.968828	0	-1.08869	-0.0519951	0	
7.37	0.595477	-0.912938	0	0.492889	0.972167	0	-1.08837	-0.059229	0	
7.38	0.601555	-0.909002	0	0.486442	0.975463	0	-1.088	-0.0664606	0	
7.39	0.607606	-0.905026	0	0.479972	0.978715	0	-1.08758	-0.0736896	0	
7.4	0.613631	-0.901009	0	0.473481	0.981924	0	-1.08711	-0.0809156	0	
7.41	0.619628	-0.896951	0	0.466968	0.985089	0	-1.0866	-0.0881383	0	
7.42	0.625599	-0.892854	0	0.460435	0.988211	0	-1.08603	-0.0953574	0	
7.43	0.631541	-0.888716	0	0.45388	0.991289	0	-1.08542	-0.102573	0	
7.44	0.637456	-0.884539	0	0.447305	0.994322	0	-1.08476	-0.109783	0	
7.45	0.643342	-0.880322	0	0.44071	0.997312	0	-1.08405	-0.11699	0	
7.46	0.649201	-0.876066	0	0.434095	1.00026	0	-1.0833	-0.124191	0	
7.47	0.65503	-0.87177	0	0.42746	1.00316	0	-1.08249	-0.131388	0	
7.48	0.660831	-0.867436	0	0.420806	1.00601	0	-1.08164	-0.138578	0	
7.49	0.666602	-0.863062	0	0.414133	1.00883	0	-1.08074	-0.145763	0	
7.5	0.672344	-0.85865	0	0.407441	1.01159	0	-1.07979	-0.152942	0	
7.51	0.678057	-0.8542	0	0.400731	1.01431	0	-1.07879	-0.160114	0	
7.52	0.683739	-0.849712	0	0.394002	1.01699	0	-1.07774	-0.16728	0	
7.53	0.689391	-0.845185	0	0.387256	1.01962	0	-1.07665	-0.174438	0	
7.54	0.695013	-0.840621	0	0.380492	1.02221	0	-1.07551	-0.181589	0	
7.55	0.700604	-0.836018	0	0.373711	1.02475	0	-1.07432	-0.188732	0	
7.56	0.706164	-0.831379	0	0.366913	1.02725	0	-1.07308	-0.195867	0	
7.57	0.711693	-0.826702	0	0.360099	1.0297	0	-1.07179	-0.202993	0	
7.58	0.717191	-0.821989	0	0.353268	1.0321	0	-1.07046	-0.210111	0	
7.59	0.722657	-0.817238	0	0.346421	1.03446	0	-1.06908	-0.21722	0	
7.6	0.728091	-0.812452	0	0.339558	1.03677	0	-1.06765	-0.22432	0	
7.61	0.733493	-0.807628	0	0.33268	1.03904	0	-1.06617	-0.231409	0	
7.62	0.738863	-0.802769	0	0.325787	1.04126	0	-1.06465	-0.238489	0	
7.63	0.7442	-0.797874	0	0.318879	1.04343	0	-1.06308	-0.245559	0	
7.64	0.749504	-0.792943	0	0.311957	1.04556	0	-1.06146	-0.252618	0	
7.65	0.754775	-0.787976	0	0.30502	1.04764	0	-1.05979	-0.259666	0	
7.66	0.760012	-0.782974	0	0.29807	1.04968	0	-1.05808	-0.266703	0	
7.67	0.765217	-0.777938	0	0.291105	1.05167	0	-1.05632	-0.273728	0	
7.68	0.770387	-0.772866	0	0.284128	1.05361	0	-1.05452	-0.280742	0	
7.69	0.775523	-0.76776	0	0.277138	1.0555	0	-1.05266	-0.287743	0	
7.7	0.780626	-0.76262	0	0.270135	1.05735	0	-1.05076	-0.294732	0	
7.71	0.785693	-0.757445	0	0.26312	1.05915	0	-1.04881	-0.301708	0	
7.72	0.790726	-0.752237	0	0.256093	1.06091	0	-1.04682	-0.308671	0	
7.73	0.795724	-0.746995	0	0.249054	1.06261	0	-1.04478	-0.31562	0	
7.74	0.800687	-0.741719	0	0.242004	1.06428	0	-1.04269	-0.322556	0	
7.75	0.805615	-0.736411	0	0.234943	1.06589	0	-1.04056	-0.329478	0	
7.76	0.810507	-0.731069	0	0.227871	1.06745	0	-1.03838	-0.336385	0	
7.77	0.815364	-0.725695	0	0.220788	1.06897	0	-1.03615	-0.343278	0	
7.78	0.820184	-0.720288	0	0.213696	1.07044	0	-1.03388	-0.350156	0	
7.79	0.824968	-0.714849	0	0.206593	1.07187	0	-1.03156	-0.357019	0	
7.8	0.829716	-0.709378	0	0.199481	1.07324	0	-1.0292	-0.363866	0	
7.81	0.834427	-0.703875	0	0.19236	1.07457	0	-1.02679	-0.370697	0	
7.82	0.839101	-0.698341	0	0.185231	1.07585	0	-1.02433	-0.377512	0	
7.83	0.843739	-0.692776	0	0.178092	1.07709	0	-1.02183	-0.384311	0	
7.84	0.848339	-0.68718	0	0.170946	1.07827	0	-1.01928	-0.391093	0	
7.85	0.852901	-0.681553	0	0.163791	1.07941	0	-1.01669	-0.397858	0	
7.86	0.857426	-0.675895	0	0.156629	1.0805	0	-1.01406	-0.404606	0	
7.87	0.861914	-0.670207	0	0.14946	1.08154	0	-1.01137	-0.411335	0	
7.88	0.866363	-0.664489	0	0.142283	1.08254	0	-1.00865	-0.418047	0	
7.89	0.870773	-0.658742	0	0.1351	1.08348	0	-1.00587	-0.424741	0	
7.9	0.875146	-0.652965	0	0.127911	1.08438	0	-1.00306	-0.431416	0	
7.91	0.87948	-0.647159	0	0.120716	1.08523	0	-1.0002	-0.438073	0	
7.92	0.883775	-0.641323	0	0.113515	1.08603	0	-0.99729	-0.44471	0	
7.93	0.888031	-0.635459	0	0.106309	1.08679	0	-0.994339	-0.451327	0	
7.94	0.892248	-0.629567	0	0.0990973	1.08749	0	-0.991345	-0.457926	0	
7.95	0.896425	-0.623647	0	0.0918813	1.08815	0	-0.988306	-0.464504	0	
7.96	0.900563	-0.617698	0	0.0846609	1.08876	0	-0.985224	-0.471061	0	
7.97	0.904661	-0.611722	0	0.0774364	1.08932	0	-0.982097	-0.477598	0	
7.98	0.908719	-0.605719	0	0.0702081	1.08983	0	-0.978927	-0.484115	0	
7.99	0.912737	-0.599688	0	0.0629764	1.0903	0	-0.975714	-0.49061	0	
8	0.916715	-0.593631	0	0.0557416	1.09071	0	-0.972457	-0.497083	0	
8.01	0.920653	-0.587547	0	0.0485041	1.09108	0	-0.969157	-0.503535	0	
8.02	0.924549	-0.581436	0	0.041264	1.0914	0	-0.965813	-0.509965	0	
8.03	0.928405	-0.5753	0	0.0340218	1.09167	0	-0.962427	-0.516373	0	
8.04	0.93222	-0.569138	0	0.0267778	1.0919	0	-0.958998	-0.522757	0	
8.05	0.935994	-0.56295	0	0.0195322	1.09207	0	-0.955526	-0.529119	0	
8.06	0.939727	-0.556737	0	0.0122855	1.0922	0	-0.952012	-0.535458	0	
8.07	0.943418	-0.5505	0	0.00503791	1.09227	0	-0.948456	-0.541774	0	
8.08	0.947067	-0.544237	0	-0.00221022	1.0923	0	-0.944857	-0.548065	0	
8.09	0.950675	-0.53795	0	-0.00945858	1.09228	0	-0.941216	-0.554333	0	
8.1	0.95424	-0.53164	0	-0.0167068	1.09222	0	-0.937533	-0.560577	0	
8.11	0.957764	-0.525305	0	-0.0239547	1.0921	0	-0.933809	-0.566795	0	
8.12	0.961245	-0.518946	0	-0.0312018	1.09194	0	-0.930043	-0.57299	0	
8.13	0.964684	-0.512565	0	-0.0384478	1.09172	0	-0.926236	-0.579158	0	
8.14	0.96808	-0.50616	0	-0.0456925	1.09146	0	-0.922388	-0.585302	0	
8.15	0.971434	-0.499733	0	-0.0529354	1.09115	0	-0.918498	-0.59142	0	
8.16	0.974745	-0.493283	0	-0.0601764	1.0908	0	-0.914568	-0.597512	0	
8.17	0.978012	-0.486812	0	-0.067415	1.09039	0	-0.910597	-0.603578	0	
8.18	0.981237	-0.480318	0	-0.0746509	1.08993	0	-0.906586	-0.609617	0	
8.19	0.984418	-0.473803	0	-0.0818838	1.08943	0	-0.902534	-0.61563	0	
8.2	0.987556	-0.467266	0	-0.0891135	1.08888	0	-0.898442	-0.621615	0	
8.21	0.99065	-0.460709	0	-0.0963395	1.08828	0	-0.89431	-0.627574	0	
8.22	0.9937	-0.454131	0	-0.103562	1.08763	0	-0.890139	-0.633504	0	
8.23	0.996707	-0.447532	0	-0.110779	1.08694	0	-0.885928	-0.639407	0	
8.24	0.999669	-0.440913	0	-0.117993	1.0862	0	-0.881677	-0.645282	0	
8.25	1.00259	-0.434275	0	-0.125201	1.0854	0	-0.877387	-0.651129	0	
8.26	1.00546	-0.427617	0	-0.132404	1.08456	0	-0.873058	-0.656947	0	
8.27	1.00829	-0.42094	0	-0.139601	1.08368	0	-0.868691	-0.662737	0	
8.28	1.01108	-0.414244	0	-0.146793	1.08274	0	-0.864284	-0.668497	0	
8.29	1.01382	-0.407529	0	-0.153979	1.08176	0	-0.859839	-0.674228	0	
8.3	1.01651	-0.400796	0	-0.161158	1.08072	0	-0.855356	-0.679929	0	
8.31	1.01917	-0.394045	0	-0.16833	1.07965	0	-0.850835	-0.685601	0	
8.32	1.02177	-0.387276	0	-0.175495	1.07852	0	-0.846276	-0.691242	0	
8.33	1.02433	-0.380489	0	-0.182653	1.07734	0	-0.84168	-0.696853	0	
8.34	1.02685	-0.373686	0	-0.189802	1.07612	0	-0.837046	-0.702433	0	
8.35	1.02932	-0.366866	0	-0.196944	1.07485	0	-0.832374	-0.707983	0	
8.36	1.03174	-0.360029	0	-0.204078	1.07353	0	-0.827666	-0.713502	0	
8.37	1.03412	-0.353176	0	-0.211202	1.07216	0	-0.822921	-0.718989	0	
8.38	1.03646	-0.346307	0	-0.218318	1.07075	0	-0.818139	-0.724444	0	
8.39	1.03874	-0.339422	0	-0.225424	1.06929	0	-0.813321	-0.729868	0	
8.4	1.04099	-0.332522	0	-0.232521	1.06778	0	-0.808466	-0.73526	0	
8.41	1.04318	-0.325607	0	-0.239607	1.06623	0	-0.803576	-0.74062	0	
8.42	1.04533	-0.318678	0	-0.246684	1.06462	0	-0.79865	-0.745946	0	
8.43	1.04744	-0.311734	0	-0.253749	1.06297	0	-0.793688	-0.751241	0	
8.44	1.0495	-0.304776	0	-0.260804	1.06128	0	-0.788691	-0.756502	0	
8.45	1.05151	-0.297804	0	-0.267848	1.05953	0	-0.783659	-0.76173	0	
8.46	1.05347	-0.290818	0	-0.27488	1.05774	0	-0.778592	-0.766924	0	
8.47	1.05539	-0.28382	0	-0.2819	1.0559	0	-0.77349	-0.772085	0	
8.48	1.05726	-0.276808	0	-0.288908	1.05402	0	-0.768354	-0.777212	0	
8.49	1.05909	-0.269784	0	-0.295904	1.05209	0	-0.763184	-0.782305	0	
8.5	1.06087	-0.262748	0	-0.302887	1.05011	0	-0.75798	-0.787363	0	
8.51	1.0626	-0.2557	0	-0.309857	1.04809	0	-0.752741	-0.792387	0	
8.52	1.06428	-0.24864	0	-0.316813	1.04602	0	-0.74747	-0.797376	0	
8.53	1.06592	-0.241569	0	-0.323755	1.0439	0	-0.742165	-0.80233	0	
8.54	1.06751	-0.234487	0	-0.330684	1.04174	0	-0.736827	-0.807248	0	
8.55	1.06905	-0.227394	0	-0.337598	1.03953	0	-0.731456	-0.812132	0	
8.56	1.07055	-0.220291	0	-0.344498	1.03727	0	-0.726053	-0.816979	0	
8.57	1.072	-0.213178	0	-0.351383	1.03497	0	-0.720617	-0.821791	0	
8.58	1.0734	-0.206055	0	-0.358252	1.03262	0	-0.715149	-0.826566	0	
8.59	1.07476	-0.198922	0	-0.365106	1.03023	0	-0.70965	-0.831305	0	
8.6	1.07606	-0.191781	0	-0.371945	1.02779	0	-0.704119	-0.836008	0	
8.61	1.07732	-0.18463	0	-0.378767	1.0253	0	-0.698556	-0.840673	0	
8.62	1.07853	-0.177472	0	-0.385572	1.02277	0	-0.692962	-0.845302	0	
8.63	1.0797	-0.170305	0	-0.392361	1.0202	0	-0.687337	-0.849894	0	
8.64	1.08081	-0.16313	0	-0.399133	1.01758	0	-0.681682	-0.854448	0	
8.65	1.08188	-0.155948	0	-0.405887	1.01491	0	-0.675996	-0.858965	0	
8.66	1.0829	-0.148758	0	-0.412624	1.0122	0	-0.670281	-0.863444	0	
8.67	1.08388	-0.141562	0	-0.419343	1.00945	0	-0.664535	-0.867885	0	
8.68	1.0848	-0.134359	0	-0.426043	1.00665	0	-0.65876	-0.872288	0	
8.69	1.08568	-0.127149	0	-0.432726	1.0038	0	-0.652955	-0.876652	0	
8.7	1.08651	-0.119934	0	-0.439389	1.00091	0	-0.647121	-0.880978	0	
8.71	1.08729	-0.112713	0	-0.446033	0.997979	0	-0.641258	-0.885265	0	
8.72	1.08802	-0.105487	0	-0.452658	0.995001	0	-0.635367	-0.889513	0	
8.73	1.08871	-0.0982563	0	-0.459262	0.991979	0	-0.629447	-0.893722	0	
8.74	1.08935	-0.0910205	0	-0.465847	0.988913	0	-0.6235	-0.897892	0	
8.75	1.08994	-0.0837804	0	-0.472412	0.985803	0	-0.617524	-0.902022	0	
8.76	1.09048	-0.0765363	0	-0.478956	0.982649	0	-0.611521	-0.906113	0	
8.77	1.09097	-0.0692885	0	-0.485479	0.979452	0	-0.605491	-0.910163	0	
8.78	1.09141	-0.0620373	0	-0.491981	0.976211	0	-0.599433	-0.914174	0	
8.79	1.09181	-0.054783	0	-0.498462	0.972927	0	-0.593349	-0.918144	0	
8.8	1.09216	-0.047526	0	-0.504921	0.9696	0	-0.587238	-0.922074	0	
8.81	1.09246	-0.0402666	0	-0.511358	0.96623	0	-0.581101	-0.925964	0	
8.82	1.09271	-0.0330051	0	-0.517772	0.962818	0	-0.574938	-0.929813	0	
8.83	1.09291	-0.0257417	0	-0.524164	0.959362	0	-0.56875	-0.93362	0	
8.84	1.09307	-0.018477	0	-0.530533	0.955864	0	-0.562536	-0.937387	0	
8.85	1.09318	-0.0112111	0	-0.536879	0.952323	0	-0.556297	-0.941112	0	
8.86	1.09323	-0.00394435	0	-0.543201	0.948741	0	-0.550033	-0.944796	0	
8.87	1.09324	0.00332287	0	-0.5495	0.945116	0	-0.543744	-0.948439	0	
8.88	1.09321	0.0105903	0	-0.555774	0.941449	0	-0.537432	-0.952039	0	
8.89	1.09312	0.0178575	0	-0.562025	0.937741	0	-0.531095	-0.955598	0	
8.9	1.09298	0.0251243	0	-0.568251	0.933991	0	-0.524734	-0.959115	0	
8.91	1.0928	0.0323903	0	-0.574452	0.930199	0	-0.51835	-0.962589	0	
8.92	1.09257	0.0396551	0	-0.580628	0.926366	0	-0.511943	-0.966021	0	
8.93	1.09229	0.0469186	0	-0.586778	0.922492	0	-0.505513	-0.969411	0	
8.94	1.09196	0.0541803	0	-0.592903	0.918578	0	-0.49906	-0.972758	0	
8.95	1.09159	0.0614399	0	-0.599002	0.914622	0	-0.492585	-0.976062	0	
8.96	1.09116	0.0686971	0	-0.605075	0.910626	0	-0.486088	-0.979323	0	
8.97	1.09069	0.0759516	0	-0.611121	0.906589	0	-0.479569	-0.982541	0	
8.98	1.09017	0.0832031	0	-0.61714	0.902512	0	-0.473028	-0.985716	0	
8.99	1.0896	0.0904513	0	-0.623133	0.898396	0	-0.466467	-0.988847	0	
9	1.08898	0.0976957	0	-0.629098	0.894239	0	-0.459884	-0.991935	0	
9.01	1.08832	0.104936	0	-0.635036	0.890042	0	-0.453281	-0.994979	0	
9.02	1.0876	0.112172	0	-0.640946	0.885807	0	-0.446658	-0.997979	0	
9.03	1.08684	0.119404	0	-0.646828	0.881531	0	-0.440015	-1.00094	0	
9.04	1.08603	0.12663	0	-0.652682	0.877217	0	-0.433351	-1.00385	0	
9.05	1.08518	0.133852	0	-0.658507	0.872864	0	-0.426669	-1.00672	0	
9.06	1.08427	0.141067	0	-0.664303	0.868472	0	-0.419967	-1.00954	0	
9.07	1.08332	0.148277	0	-0.67007	0.864041	0	-0.413247	-1.01232	0	
9.08	1.08232	0.155481	0	-0.675808	0.859572	0	-0.406507	-1.01505	0	
9.09	1.08127	0.162678	0	-0.681516	0.855065	0	-0.39975	-1.01774	0	
9.1	1.08017	0.169868	0	-0.687194	0.85052	0	-0.392975	-1.02039	0	
9.11	1.07902	0.177051	0	-0.692843	0.845937	0	-0.386182	-1.02299	0	
9.12	1.07783	0.184226	0	-0.69846	0.841317	0	-0.379372	-1.02554	0	
9.13	1.07659	0.191394	0	-0.704048	0.836659	0	-0.372544	-1.02805	0	
9.14	1.0753	0.198553	0	-0.709604	0.831964	0	-0.3657	-1.03052	0	
9.15	1.07397	0.205704	0	-0.71513	0.827232	0	-0.358839	-1.03294	0	
9.16	1.07259	0.212846	0	-0.720624	0.822464	0	-0.351963	-1.03531	0	
9.17	1.07116	0.21998	0	-0.726086	0.817659	0	-0.34507	-1.03764	0	
9.18	1.06968	0.227103	0	-0.731517	0.812817	0	-0.338162	-1.03992	0	
9.19	1.06815	0.234218	0	-0.736915	0.80794	0	-0.331239	-1.04216	0	
9.2	1.06658	0.241322	0	-0.742282	0.803026	0	-0.3243	-1.04435	0	
9.21	1.06496	0.248415	0	-0.747615	0.798077	0	-0.317348	-1.04649	0	
9.22	1.0633	0.255498	0	-0.752916	0.793093	0	-0.31038	-1.04859	0	
9.23	1.06158	0.26257	0	-0.758184	0.788073	0	-0.303399	-1.05064	0	
9.24	1.05982	0.269631	0	-0.763419	0.783018	0	-0.296404	-1.05265	0	
9.25	1.05802	0.27668	0	-0.76862	0.777929	0	-0.289396	-1.05461	0	
9.26	1.05616	0.283718	0	-0.773788	0.772805	0	-0.282374	-1.05652	0	
9.27	1.05426	0.290743	0	-0.778922	0.767646	0	-0.27534	-1.05839	0	
9.28	1.05231	0.297755	0	-0.784021	0.762454	0	-0.268294	-1.06021	0	
9.29	1.05032	0.304755	0	-0.789086	0.757227	0	-0.261235	-1.06198	0	
9.3	1.04828	0.311742	0	-0.794117	0.751967	0	-0.254164	-1.06371	0	
9.31	1.04619	0.318715	0	-0.799112	0.746673	0	-0.247082	-1.06539	0	
9.32	1.04406	0.325674	0	-0.804073	0.741347	0	-0.239989	-1.06702	0	
9.33	1.04188	0.332619	0	-0.808998	0.735987	0	-0.232884	-1.06861	0	
9.34	1.03966	0.33955	0	-0.813888	0.730595	0	-0.225769	-1.07014	0	
9.35	1.03739	0.346467	0	-0.818742	0.72517	0	-0.218644	-1.07164	0	
9.36	1.03507	0.353368	0	-0.82356	0.719712	0	-0.211509	-1.07308	0	
9.37	1.03271	0.360254	0	-0.828342	0.714223	0	-0.204364	-1.07448	0	
9.38	1.0303	0.367124	0	-0.833088	0.708702	0	-0.19721	-1.07583	0	
9.39	1.02784	0.373979	0	-0.837797	0.70315	0	-0.190047	-1.07713	0	
9.4	1.02535	0.380817	0	-0.84247	0.697566	0	-0.182875	-1.07838	0	
9.41	1.0228	0.387639	0	-0.847105	0.691952	0	-0.175695	-1.07959	0	
9.42	1.02021	0.394444	0	-0.851704	0.686306	0	-0.168507	-1.08075	0	
9.43	1.01758	0.401232	0	-0.856265	0.68063	0	-0.161311	-1.08186	0	
9.44	1.0149	0.408002	0	-0.860788	0.674924	0	-0.154107	-1.08293	0	
9.45	1.01217	0.414755	0	-0.865274	0.669188	0	-0.146897	-1.08394	0	
9.46	1.0094	0.42149	0	-0.869721	0.663421	0	-0.139679	-1.08491	0	
9.47	1.00659	0.428206	0	-0.874131	0.657626	0	-0.132455	-1.08583	0	
9.48	1.00373	0.434904	0	-0.878502	0.651801	0	-0.125225	-1.08671	0	
9.49	1.00082	0.441583	0	-0.882834	0.645947	0	-0.117989	-1.08753	0	
9.5	0.997876	0.448243	0	-0.887128	0.640064	0	-0.110748	-1.08831	0	
9.51	0.994884	0.454883	0	-0.891383	0.634153	0	-0.103501	-1.08904	0	
9.52	0.991848	0.461504	0	-0.895598	0.628214	0	-0.09625	-1.08972	0	
9.53	0.988769	0.468105	0	-0.899775	0.622247	0	-0.088994	-1.09035	0	
9.54	0.985645	0.474685	0	-0.903912	0.616252	0	-0.0817337	-1.09094	0	
9.55	0.982478	0.481244	0	-0.908009	0.610229	0	-0.0744694	-1.09147	0	
9.56	0.979268	0.487783	0	-0.912066	0.60418	0	-0.0672016	-1.09196	0	
9.57	0.976014	0.4943	0	-0.916084	0.598103	0	-0.0599305	-1.0924	0	
9.58	0.972717	0.500796	0	-0.920061	0.592	0	-0.0526564	-1.0928	0	
9.59	0.969377	0.50727	0	-0.923998	0.58587	0	-0.0453797	-1.09314	0	
9.6	0.965994	0.513722	0	-0.927894	0.579715	0	-0.0381007	-1.09344	0	
9.61	0.962569	0.520152	0	-0.931749	0.573533	0	-0.0308197	-1.09368	0	
9.62	0.959101	0.526559	0	-0.935564	0.567326	0	-0.023537	-1.09388	0	
9.63	0.95559	0.532943	0	-0.939337	0.561094	0	-0.0162529	-1.09404	0	
9.64	0.952037	0.539304	0	-0.943069	0.554836	0	-0.00896778	-1.09414	0	
9.65	0.948442	0.545641	0	-0.94676	0.548554	0	-0.00168195	-1.0942	0	
9.66	0.944805	0.551955	0	-0.950409	0.542248	0	0.00560427	-1.0942	0	
9.67	0.941126	0.558244	0	-0.954017	0.535917	0	0.0128906	-1.09416	0	
9.68	0.937406	0.564509	0	-0.957582	0.529563	0	0.0201766	-1.09407	0	
9.69	0.933644	0.57075	0	-0.961106	0.523184	0	0.0274621	-1.09393	0	
9.7	0.929841	0.576966	0	-0.964587	0.516783	0	0.0347467	-1.09375	0	
9.71	0.925996	0.583156	0	-0.968027	0.510358	0	0.0420301	-1.09351	0	
9.72	0.922111	0.589322	0	-0.971423	0.503911	0	0.0493119	-1.09323	0	
9.73	0.918185	0.595461	0	-0.974777	0.497441	0	0.0565919	-1.0929	0	
9.74	0.914218	0.601575	0	-0.978088	0.490949	0	0.0638697	-1.09252	0	
9.75	0.910211	0.607662	0	-0.981356	0.484435	0	0.0711451	-1.0921	0	
9.76	0.906164	0.613723	0	-0.984581	0.4779	0	0.0784176	-1.09162	0	
9.77	0.902076	0.619757	0	-0.987763	0.471343	0	0.085687	-1.0911	0	
9.78	0.897949	0.625764	0	-0.990902	0.464765	0	0.0929529	-1.09053	0	
9.79	0.893782	0.631743	0	-0.993997	0.458166	0	0.100215	-1.08991	0	
9.8	0.889575	0.637696	0	-0.997048	0.451547	0	0.107473	-1.08924	0	
9.81	0.885329	0.64362	0	-1.00006	0.444907	0	0.114727	-1.08853	0	
9.82	0.881044	0.649516	0	-1.00302	0.438248	0	0.121976	-1.08776	0	
9.83	0.87672	0.655384	0	-1.00594	0.431569	0	0.12922	-1.08695	0	
9.84	0.872357	0.661223	0	-1.00881	0.424871	0	0.136458	-1.08609	0	
9.85	0.867955	0.667034	0	-1.01165	0.418154	0	0.143691	-1.08519	0	
9.86	0.863515	0.672815	0	-1.01443	0.411418	0	0.150918	-1.08423	0	
9.87	0.859037	0.678567	0	-1.01717	0.404664	0	0.158138	-1.08323	0	
9.88	0.854521	0.68429	0	-1.01987	0.397892	0	0.165352	-1.08218	0	
9.89	0.849967	0.689982	0	-1.02253	0.391102	0	0.172559	-1.08108	0	
9.9	0.845375	0.695645	0	-1.02513	0.384294	0	0.179758	-1.07994	0	
9.91	0.840746	0.701277	0	-1.0277	0.377469	0	0.18695	-1.07875	0	
9.92	0.83608	0.706878	0	-1.03021	0.370627	0	0.194135	-1.07751	0	
9.93	0.831377	0.712449	0	-1.03269	0.363769	0	0.20131	-1.07622	0	
9.94	0.826637	0.717988	0	-1.03511	0.356894	0	0.208478	-1.07488	0	
9.95	0.82186	0.723496	0	-1.0375	0.350004	0	0.215636	-1.0735	0	
9.96	0.817047	0.728973	0	-1.03983	0.343097	0	0.222786	-1.07207	0	
9.97	0.812198	0.734418	0	-1.04212	0.336175	0	0.229925	-1.07059	0	
9.98	0.807313	0.739831	0	-1.04437	0.329239	0	0.237055	-1.06907	0	
9.99	0.802393	0.745211	0	-1.04657	0.322287	0	0.244175	-1.0675	0	
10	0.797436	0.750559	0	-1.04872	0.315321	0	0.251285	-1.06588	0	
